0	-6.04676
0.0208333	-6.04357
0.0416667	-6.03614
0.0625	-6.05433
0.0833333	-6.05768
0.104167	-5.96949
0.125	-6.11099
0.145833	-5.97815
0.166667	-6.02404
0.1875	-6.04846
0.208333	-5.98224
0.229167	-5.99938
0.25	-5.98606
0.270833	-5.97104
0.291667	-5.97581
0.3125	-5.93004
0.333333	-5.9557
0.354167	-5.9398
0.375	-5.77465
0.395833	-6.23116
0.416667	-5.35931
0.4375	-6.55835
0.458333	-4.81697
0.479167	-4.73391
0.5	-4.27678
0.520833	-3.90291
0.541667	-3.79818
0.5625	-3.39775
0.583333	-3.28179
0.604167	-3.01105
0.625	-2.8913
0.645833	-2.90374
0.666667	-2.56107
0.6875	-2.14088
0.708333	-1.55758
0.729167	-1.19082
0.75	-0.95524
0.770833	-0.694695
0.791667	-0.662413
0.8125	-0.410852
0.833333	-0.39206
0.854167	-0.245422
0.875	0.0786479
0.895833	0.187172
0.916667	0.68763
0.9375	1.06754
0.958333	1.53934
0.979167	2.35641
1	3.16484
1.02083	2.42067
1.04167	1.34523
1.0625	0.788502
1.08333	0.293517
1.10417	-0.294784
1.125	-0.523082
1.14583	-0.953205
1.16667	-1.31906
1.1875	-1.23634
1.20833	-1.26771
1.22917	-1.59369
1.25	-1.82788
1.27083	-2.29117
1.29167	-3.10513
1.3125	-3.37689
1.33333	-2.92809
1.35417	-2.80533
1.375	-2.96878
1.39583	-3.15154
1.41667	-3.22685
1.4375	-3.47656
1.45833	-3.58396
1.47917	-3.71316
1.5	-4.30926
1.52083	-4.26371
1.54167	-5.212
1.5625	-5.1036
1.58333	-5.21878
1.60417	-5.53085
1.625	-5.2529
1.64583	-5.38551
1.66667	-5.24683
1.6875	-5.06824
1.70833	-4.81109
1.72917	-4.58205
1.75	-4.39189
1.77083	-4.27857
1.79167	-4.28934
1.8125	-4.48866
1.83333	-5.0049
1.85417	-5.74852
1.875	-4.81885
1.89583	-4.51831
1.91667	-4.57989
1.9375	-5.0201
1.95833	-5.12957
1.97917	-4.62692
2	-4.5194
2.02083	-4.82107
2.04167	-4.88529
2.0625	-4.53245
2.08333	-4.57404
2.10417	-4.7285
2.125	-4.53685
2.14583	-4.54361
2.16667	-4.51451
2.1875	-4.46102
2.20833	-4.45522
2.22917	-4.39472
2.25	-4.33511
2.27083	-4.32508
2.29167	-4.27648
2.3125	-4.20017
2.33333	-4.17813
2.35417	-4.12748
2.375	-4.0503
2.39583	-4.00041
2.41667	-3.9696
2.4375	-3.83285
2.45833	-3.82229
2.47917	-3.74919
2.5	-3.50394
2.52083	-3.83781
2.54167	-3.20106
2.5625	-3.41337
2.58333	-3.24035
2.60417	-2.69277
2.625	-3.53825
2.64583	-2.18111
2.66667	-2.28935
2.6875	-1.65877
2.70833	-1.63493
2.72917	-1.15795
2.75	-1.2807
2.77083	-0.948307
2.79167	-1.14093
2.8125	-1.15349
2.83333	-0.852703
2.85417	-1.20797
2.875	-0.418923
2.89583	-0.406559
2.91667	0.00117674
2.9375	0.415447
2.95833	0.501958
2.97917	0.857612
3	0.779178
3.02083	0.310447
3.04167	0.0216497
3.0625	-0.57085
3.08333	-0.808897
3.10417	-0.911917
3.125	-0.911492
3.14583	-0.713639
3.16667	-0.804889
3.1875	-0.774308
3.20833	-1.0121
3.22917	-1.20349
3.25	-1.41772
3.27083	-1.844
3.29167	-2.47864
3.3125	-3.03301
3.33333	-3.79182
3.35417	-3.34438
3.375	-3.78812
3.39583	-3.41785
3.41667	-4.45939
3.4375	-3.98373
3.45833	-4.18937
3.47917	-4.79264
3.5	-4.31141
3.52083	-4.85591
3.54167	-4.51988
3.5625	-4.72944
3.58333	-4.644
3.60417	-4.73303
3.625	-4.71692
3.64583	-4.74971
3.66667	-4.77523
3.6875	-4.78551
3.70833	-4.80351
3.72917	-4.82936
3.75	-4.84123
3.77083	-4.86649
3.79167	-4.8851
3.8125	-4.88697
3.83333	-4.91245
3.85417	-4.9329
3.875	-4.94028
3.89583	-4.96424
3.91667	-4.95763
3.9375	-4.99898
3.95833	-5.01956
3.97917	-4.99304
4	-4.9995
4.02083	-5.08178
4.04167	-5.09245
4.0625	-4.99998
4.08333	-5.07307
4.10417	-5.17538
4.125	-5.04017
4.14583	-5.10696
4.16667	-5.16974
4.1875	-5.1323
4.20833	-5.12707
4.22917	-5.1748
4.25	-5.19041
4.27083	-5.1615
4.29167	-5.19569
4.3125	-5.22233
4.33333	-5.20369
4.35417	-5.21144
4.375	-5.28061
4.39583	-5.16317
4.41667	-5.40842
4.4375	-5.05934
4.45833	-5.6162
4.47917	-4.95366
4.5	-4.9839
4.52083	-5.04908
4.54167	-4.357
4.5625	-4.74658
4.58333	-3.96263
4.60417	-3.85234
4.625	-3.61804
4.64583	-3.40556
4.66667	-3.3316
4.6875	-3.13422
4.70833	-2.86878
4.72917	-2.56301
4.75	-2.44907
4.77083	-2.05105
4.79167	-2.20829
4.8125	-1.97865
4.83333	-1.83605
4.85417	-1.55718
4.875	-1.24802
4.89583	-1.17639
4.91667	-0.760728
4.9375	-0.622638
4.95833	-0.307391
4.97917	0.0233574
5	-0.0175072
5.02083	-0.429754
5.04167	-1.11283
5.0625	-1.61863
5.08333	-1.82601
5.10417	-1.75439
5.125	-1.50148
5.14583	-1.32539
5.16667	-1.1829
5.1875	-1.08475
5.20833	-1.20345
5.22917	-1.36553
5.25	-1.49321
5.27083	-1.76007
5.29167	-2.17367
5.3125	-2.6129
5.33333	-3.02995
5.35417	-3.00989
5.375	-3.17479
5.39583	-3.24004
5.41667	-3.5296
5.4375	-3.76122
5.45833	-3.82189
5.47917	-4.33699
5.5	-4.28653
5.52083	-4.89851
5.54167	-5.12687
5.5625	-5.23153
5.58333	-5.99113
5.60417	-5.48063
5.625	-5.75778
5.64583	-5.63547
5.66667	-5.68036
5.6875	-5.67997
5.70833	-5.68056
5.72917	-5.6909
5.75	-5.69295
5.77083	-5.69897
5.79167	-5.70556
5.8125	-5.70837
5.83333	-5.71204
5.85417	-5.71978
5.875	-5.72426
5.89583	-5.73103
5.91667	-5.73116
5.9375	-5.7333
5.95833	-5.74814
5.97917	-5.75335
6	-5.74365
6.02083	-5.74974
6.04167	-5.78039
6.0625	-5.76435
6.08333	-5.74109
6.10417	-5.81612
6.125	-5.75912
6.14583	-5.78031
6.16667	-5.799
6.1875	-5.79092
6.20833	-5.79299
6.22917	-5.80329
6.25	-5.81087
6.27083	-5.80422
6.29167	-5.81663
6.3125	-5.82134
6.33333	-5.82131
6.35417	-5.82271
6.375	-5.8461
6.39583	-5.81224
6.41667	-5.86666
6.4375	-5.82697
6.45833	-5.82063
6.47917	-5.9476
6.5	-5.67
6.52083	-6.23086
6.54167	-5.57022
6.5625	-5.8423
6.58333	-5.74422
6.60417	-5.21725
6.625	-5.97077
6.64583	-4.84981
6.66667	-5.3241
6.6875	-4.58941
6.70833	-4.75993
6.72917	-4.37379
6.75	-4.27973
6.77083	-4.2968
6.79167	-4.21262
6.8125	-4.25209
6.83333	-3.92019
6.85417	-3.53047
6.875	-3.48494
6.89583	-3.22914
6.91667	-2.90662
6.9375	-2.67636
6.95833	-2.20799
6.97917	-1.92932
7	-1.92382
7.02083	-2.20326
7.04167	-2.8132
7.0625	-3.67354
7.08333	-5.05414
7.10417	-4.50774
7.125	-3.96909
7.14583	-3.50062
7.16667	-3.23693
7.1875	-3.14776
7.20833	-3.15482
7.22917	-3.32965
7.25	-3.408
7.27083	-3.51887
7.29167	-3.89623
7.3125	-4.05652
7.33333	-4.61893
7.35417	-4.51262
7.375	-5.01559
7.39583	-4.91296
7.41667	-5.13836
7.4375	-5.85998
7.45833	-5.22485
7.47917	-6.33687
7.5	-5.61054
7.52083	-5.86758
7.54167	-6.13521
7.5625	-5.87683
7.58333	-6.15898
7.60417	-5.98483
7.625	-6.06809
7.64583	-6.04177
7.66667	-6.05047
7.6875	-6.05548
7.70833	-6.0556
7.72917	-6.06063
7.75	-6.06251
7.77083	-6.066
7.79167	-6.06876
7.8125	-6.0718
7.83333	-6.07476
7.85417	-6.07744
7.875	-6.08079
7.89583	-6.0832
7.91667	-6.08674
7.9375	-6.08884
7.95833	-6.09205
7.97917	-6.09527
8	-6.09798
8.02083	-6.09986
8.04167	-6.10346
8.0625	-6.10827
8.08333	-6.10564
8.10417	-6.11465
8.125	-6.11375
8.14583	-6.1168
8.16667	-6.12081
8.1875	-6.1228
8.20833	-6.12541
8.22917	-6.1283
8.25	-6.13139
8.27083	-6.13346
8.29167	-6.13639
8.3125	-6.13942
8.33333	-6.14158
8.35417	-6.14429
8.375	-6.14759
8.39583	-6.14947
8.41667	-6.15136
8.4375	-6.15876
8.45833	-6.14982
8.47917	-6.17225
8.5	-6.14932
8.52083	-6.17371
8.54167	-6.17367
8.5625	-6.13873
8.58333	-6.2388
8.60417	-6.08781
8.625	-6.28885
8.64583	-6.0748
8.66667	-6.23194
8.6875	-6.12912
8.70833	-6.0763
8.72917	-6.33269
8.75	-5.91692
8.77083	-6.60349
8.79167	-6.02716
8.8125	-5.98699
8.83333	-7.0744
8.85417	-5.68893
8.875	-5.98018
8.89583	-6.38136
8.91667	-5.26495
8.9375	-5.23415
8.95833	-4.70425
8.97917	-4.42651
9	-4.52235
9.02083	-4.56653
9.04167	-5.38277
9.0625	-5.41417
9.08333	-6.80611
9.10417	-5.98572
9.125	-6.25372
9.14583	-6.1637
9.16667	-5.4984
9.1875	-6.59269
9.20833	-5.50723
9.22917	-5.76984
9.25	-6.28784
9.27083	-5.57717
9.29167	-7.58946
9.3125	-5.80937
9.33333	-6.50954
9.35417	-6.06608
9.375	-6.27912
9.39583	-6.28341
9.41667	-6.16403
9.4375	-6.39409
9.45833	-6.19161
9.47917	-6.30894
9.5	-6.27699
9.52083	-6.25689
9.54167	-6.30618
9.5625	-6.26514
9.58333	-6.2968
9.60417	-6.28298
9.625	-6.29172
9.64583	-6.29213
9.66667	-6.29414
9.6875	-6.29683
9.70833	-6.29851
9.72917	-6.30091
9.75	-6.30289
9.77083	-6.30507
9.79167	-6.30714
9.8125	-6.30925
9.83333	-6.31136
9.85417	-6.31341
9.875	-6.31554
9.89583	-6.31757
9.91667	-6.31967
9.9375	-6.32171
9.95833	-6.32377
9.97917	-6.32582
10	-6.32788
10.0208	-6.32992
10.0417	-6.33188
10.0625	-6.33408
10.0833	-6.33588
10.1042	-6.33804
10.125	-6.34004
10.1458	-6.34196
10.1667	-6.34404
10.1875	-6.34599
10.2083	-6.34798
10.2292	-6.34997
10.25	-6.35194
10.2708	-6.35391
10.2917	-6.35585
10.3125	-6.35785
10.3333	-6.35976
10.3542	-6.36174
10.375	-6.36364
10.3958	-6.36567
10.4167	-6.3674
10.4375	-6.36967
10.4583	-6.37112
10.4792	-6.37347
10.5	-6.37529
10.5208	-6.3765
10.5417	-6.38028
10.5625	-6.37896
10.5833	-6.38499
10.6042	-6.3829
10.625	-6.38683
10.6458	-6.39052
10.6667	-6.38484
10.6875	-6.40122
10.7083	-6.38167
10.7292	-6.41
10.75	-6.38568
10.7708	-6.40469
10.7917	-6.40683
10.8125	-6.38855
10.8333	-6.42028
10.8542	-6.40465
10.875	-6.38802
10.8958	-6.44583
10.9167	-6.39311
10.9375	-6.35984
10.9583	-6.54698
10.9792	-6.21202
11	-6.70631
11.0208	-6.22355
11.0417	-6.58686
11.0625	-6.35118
11.0833	-6.45545
11.1042	-6.4242
11.125	-6.41635
11.1458	-6.46426
11.1667	-6.39252
11.1875	-6.46811
11.2083	-6.42976
11.2292	-6.4157
11.25	-6.48008
11.2708	-6.4056
11.2917	-6.47
11.3125	-6.43237
11.3333	-6.45126
11.3542	-6.45041
11.375	-6.44638
11.3958	-6.45859
11.4167	-6.44843
11.4375	-6.46037
11.4583	-6.4556
11.4792	-6.45941
11.5	-6.46228
11.5208	-6.46117
11.5417	-6.46576
11.5625	-6.46521
11.5833	-6.46821
11.6042	-6.46924
11.625	-6.47111
11.6458	-6.47275
11.6667	-6.47435
11.6875	-6.47604
11.7083	-6.47766
11.7292	-6.47931
11.75	-6.48094
11.7708	-6.48257
11.7917	-6.4842
11.8125	-6.48582
11.8333	-6.48744
11.8542	-6.48905
11.875	-6.49066
11.8958	-6.49227
11.9167	-6.49387
11.9375	-6.49547
11.9583	-6.49707
11.9792	-6.49866
12	-6.50024
12.0208	-6.50183
12.0417	-6.50341
12.0625	-6.50499
12.0833	-6.50656
12.1042	-6.50812
12.125	-6.5097
12.1458	-6.51125
12.1667	-6.51281
12.1875	-6.51437
12.2083	-6.51592
12.2292	-6.51747
12.25	-6.51901
12.2708	-6.52055
12.2917	-6.52208
12.3125	-6.52362
12.3333	-6.52515
12.3542	-6.52667
12.375	-6.52819
12.3958	-6.52972
12.4167	-6.53123
12.4375	-6.53274
12.4583	-6.53425
12.4792	-6.53575
12.5	-6.53728
12.5208	-6.53873
12.5417	-6.54028
12.5625	-6.54172
12.5833	-6.54322
12.6042	-6.54478
12.625	-6.54607
12.6458	-6.54789
12.6667	-6.54887
12.6875	-6.55095
12.7083	-6.55177
12.7292	-6.5538
12.75	-6.55492
12.7708	-6.55639
12.7917	-6.55814
12.8125	-6.5592
12.8333	-6.5608
12.8542	-6.56261
12.875	-6.5633
12.8958	-6.56505
12.9167	-6.56809
12.9375	-6.56446
12.9583	-6.57519
12.9792	-6.56381
13	-6.57951
13.0208	-6.56783
13.0417	-6.57907
13.0625	-6.57456
13.0833	-6.57864
13.1042	-6.57948
13.125	-6.58026
13.1458	-6.5829
13.1667	-6.58301
13.1875	-6.58512
13.2083	-6.5868
13.2292	-6.58696
13.25	-6.59002
13.2708	-6.58992
13.2917	-6.5922
13.3125	-6.59332
13.3333	-6.59449
13.3542	-6.59631
13.375	-6.59716
13.3958	-6.59901
13.4167	-6.59999
13.4375	-6.60159
13.4583	-6.60286
13.4792	-6.60419
13.5	-6.60563
13.5208	-6.60688
13.5417	-6.60831
13.5625	-6.6096
13.5833	-6.61097
13.6042	-6.6123
13.625	-6.61363
13.6458	-6.61497
13.6667	-6.6163
13.6875	-6.61763
13.7083	-6.61895
13.7292	-6.62027
13.75	-6.62159
13.7708	-6.62291
13.7917	-6.62422
13.8125	-6.62553
13.8333	-6.62684
13.8542	-6.62815
13.875	-6.62945
13.8958	-6.63075
13.9167	-6.63205
13.9375	-6.63334
13.9583	-6.63463
13.9792	-6.63592
14	-6.63721
14.0208	-6.63849
14.0417	-6.63978
14.0625	-6.64106
14.0833	-6.64233
14.1042	-6.64361
14.125	-6.64488
14.1458	-6.64615
14.1667	-6.64741
14.1875	-6.64868
14.2083	-6.64994
14.2292	-6.6512
14.25	-6.65245
14.2708	-6.65371
14.2917	-6.65496
14.3125	-6.65621
14.3333	-6.65746
14.3542	-6.6587
14.375	-6.65994
14.3958	-6.66118
14.4167	-6.66242
14.4375	-6.66365
14.4583	-6.66488
14.4792	-6.66611
14.5	-6.66734
14.5208	-6.66856
14.5417	-6.66978
14.5625	-6.671
14.5833	-6.67222
14.6042	-6.67344
14.625	-6.67465
14.6458	-6.67586
14.6667	-6.67706
14.6875	-6.67828
14.7083	-6.67947
14.7292	-6.68068
14.75	-6.68188
14.7708	-6.68307
14.7917	-6.68427
14.8125	-6.68546
14.8333	-6.68664
14.8542	-6.68784
14.875	-6.68902
14.8958	-6.69018
14.9167	-6.69142
14.9375	-6.69249
14.9583	-6.69379
14.9792	-6.69484
15	-6.69617
15.0208	-6.69713
15.0417	-6.6985
15.0625	-6.69953
15.0833	-6.70075
15.1042	-6.7019
15.125	-6.70305
15.1458	-6.70422
15.1667	-6.70536
15.1875	-6.70651
15.2083	-6.70768
15.2292	-6.7088
15.25	-6.70996
15.2708	-6.71109
15.2917	-6.71224
15.3125	-6.71338
15.3333	-6.7145
15.3542	-6.71565
15.375	-6.71677
15.3958	-6.71791
15.4167	-6.71903
15.4375	-6.72016
15.4583	-6.72128
15.4792	-6.7224
15.5	-6.72352
15.5208	-6.72464
15.5417	-6.72576
15.5625	-6.72687
15.5833	-6.72798
15.6042	-6.72909
15.625	-6.73019
15.6458	-6.7313
15.6667	-6.7324
15.6875	-6.7335
15.7083	-6.7346
15.7292	-6.7357
15.75	-6.73679
15.7708	-6.73788
15.7917	-6.73897
15.8125	-6.74006
15.8333	-6.74115
15.8542	-6.74223
15.875	-6.74332
15.8958	-6.7444
15.9167	-6.74548
15.9375	-6.74655
15.9583	-6.74763
15.9792	-6.7487
16	-6.74977
16.0208	-6.75084
16.0417	-6.75191
16.0625	-6.75297
16.0833	-6.75403
16.1042	-6.75509
16.125	-6.75615
16.1458	-6.75721
16.1667	-6.75827
16.1875	-6.75932
16.2083	-6.76037
16.2292	-6.76142
16.25	-6.76247
16.2708	-6.76351
16.2917	-6.76456
16.3125	-6.7656
16.3333	-6.76664
16.3542	-6.76768
16.375	-6.76871
16.3958	-6.76975
16.4167	-6.77078
16.4375	-6.77181
16.4583	-6.77284
16.4792	-6.77387
16.5	-6.77489
16.5208	-6.77592
16.5417	-6.77694
16.5625	-6.77796
16.5833	-6.77898
16.6042	-6.77999
16.625	-6.78101
16.6458	-6.78202
16.6667	-6.78303
16.6875	-6.78404
16.7083	-6.78505
16.7292	-6.78605
16.75	-6.78706
16.7708	-6.78806
16.7917	-6.78906
16.8125	-6.79006
16.8333	-6.79105
16.8542	-6.79205
16.875	-6.79304
16.8958	-6.79403
16.9167	-6.79502
16.9375	-6.79602
16.9583	-6.79697
16.9792	-6.798
17	-6.79896
17.0208	-6.79992
17.0417	-6.80095
17.0625	-6.80189
17.0833	-6.80288
17.1042	-6.80385
17.125	-6.80482
17.1458	-6.80579
17.1667	-6.80676
17.1875	-6.80773
17.2083	-6.8087
17.2292	-6.80966
17.25	-6.81062
17.2708	-6.81158
17.2917	-6.81254
17.3125	-6.8135
17.3333	-6.81446
17.3542	-6.81541
17.375	-6.81636
17.3958	-6.81731
17.4167	-6.81826
17.4375	-6.81921
17.4583	-6.82016
17.4792	-6.8211
17.5	-6.82204
17.5208	-6.82298
17.5417	-6.82392
17.5625	-6.82486
17.5833	-6.8258
17.6042	-6.82673
17.625	-6.82767
17.6458	-6.8286
17.6667	-6.82953
17.6875	-6.83046
17.7083	-6.83138
17.7292	-6.83231
17.75	-6.83323
17.7708	-6.83415
17.7917	-6.83507
17.8125	-6.83599
17.8333	-6.83691
17.8542	-6.83782
17.875	-6.83874
17.8958	-6.83965
17.9167	-6.84056
17.9375	-6.84147
17.9583	-6.84238
17.9792	-6.84329
18	-6.84419
18.0208	-6.84509
18.0417	-6.846
18.0625	-6.8469
18.0833	-6.84779
18.1042	-6.84869
18.125	-6.84959
18.1458	-6.85048
18.1667	-6.85137
18.1875	-6.85227
18.2083	-6.85316
18.2292	-6.85404
18.25	-6.85493
18.2708	-6.85582
18.2917	-6.8567
18.3125	-6.85758
18.3333	-6.85846
18.3542	-6.85934
18.375	-6.86022
18.3958	-6.8611
18.4167	-6.86197
18.4375	-6.86284
18.4583	-6.86372
18.4792	-6.86459
18.5	-6.86546
18.5208	-6.86632
18.5417	-6.86719
18.5625	-6.86805
18.5833	-6.86892
18.6042	-6.86978
18.625	-6.87064
18.6458	-6.8715
18.6667	-6.87236
18.6875	-6.87321
18.7083	-6.87407
18.7292	-6.87492
18.75	-6.87577
18.7708	-6.87662
18.7917	-6.87747
18.8125	-6.87832
18.8333	-6.87916
18.8542	-6.88001
18.875	-6.88085
18.8958	-6.88169
18.9167	-6.88253
18.9375	-6.88338
18.9583	-6.8842
18.9792	-6.88506
19	-6.88588
19.0208	-6.88671
19.0417	-6.88756
19.0625	-6.88837
19.0833	-6.88921
19.1042	-6.89004
19.125	-6.89087
19.1458	-6.89169
19.1667	-6.89251
19.1875	-6.89334
19.2083	-6.89416
19.2292	-6.89498
19.25	-6.8958
19.2708	-6.89661
19.2917	-6.89743
19.3125	-6.89825
19.3333	-6.89906
19.3542	-6.89987
19.375	-6.90068
19.3958	-6.90149
19.4167	-6.9023
19.4375	-6.90311
19.4583	-6.90391
19.4792	-6.90472
19.5	-6.90552
19.5208	-6.90632
19.5417	-6.90712
19.5625	-6.90792
19.5833	-6.90872
19.6042	-6.90951
19.625	-6.91031
19.6458	-6.9111
19.6667	-6.91189
19.6875	-6.91268
19.7083	-6.91347
19.7292	-6.91426
19.75	-6.91505
19.7708	-6.91583
19.7917	-6.91662
19.8125	-6.9174
19.8333	-6.91818
19.8542	-6.91897
19.875	-6.91975
19.8958	-6.92052
19.9167	-6.9213
19.9375	-6.92208
19.9583	-6.92285
19.9792	-6.92362
20	-6.9244
20.0208	-6.92517
20.0417	-6.92594
20.0625	-6.9267
20.0833	-6.92747
20.1042	-6.92824
20.125	-6.929
20.1458	-6.92976
20.1667	-6.93053
20.1875	-6.93129
20.2083	-6.93205
20.2292	-6.9328
20.25	-6.93356
20.2708	-6.93432
20.2917	-6.93507
20.3125	-6.93583
20.3333	-6.93658
20.3542	-6.93733
20.375	-6.93808
20.3958	-6.93883
20.4167	-6.93957
20.4375	-6.94032
20.4583	-6.94107
20.4792	-6.94181
20.5	-6.94255
20.5208	-6.94329
20.5417	-6.94403
20.5625	-6.94477
20.5833	-6.94551
20.6042	-6.94625
20.625	-6.94698
20.6458	-6.94772
20.6667	-6.94845
20.6875	-6.94918
20.7083	-6.94991
20.7292	-6.95064
20.75	-6.95137
20.7708	-6.9521
20.7917	-6.95282
20.8125	-6.95355
20.8333	-6.95427
20.8542	-6.95499
20.875	-6.95572
20.8958	-6.95644
20.9167	-6.95715
20.9375	-6.95788
20.9583	-6.95858
20.9792	-6.95931
21	-6.96002
21.0208	-6.96073
21.0417	-6.96145
21.0625	-6.96215
21.0833	-6.96287
21.1042	-6.96357
21.125	-6.96428
21.1458	-6.96499
21.1667	-6.96569
21.1875	-6.9664
21.2083	-6.9671
21.2292	-6.9678
21.25	-6.9685
21.2708	-6.9692
21.2917	-6.9699
21.3125	-6.9706
21.3333	-6.9713
21.3542	-6.97199
21.375	-6.97269
21.3958	-6.97338
21.4167	-6.97407
21.4375	-6.97476
21.4583	-6.97545
21.4792	-6.97614
21.5	-6.97683
21.5208	-6.97751
21.5417	-6.9782
21.5625	-6.97888
21.5833	-6.97957
21.6042	-6.98025
21.625	-6.98093
21.6458	-6.98161
21.6667	-6.98229
21.6875	-6.98297
21.7083	-6.98364
21.7292	-6.98432
21.75	-6.98499
21.7708	-6.98567
21.7917	-6.98634
21.8125	-6.98701
21.8333	-6.98768
21.8542	-6.98835
21.875	-6.98902
21.8958	-6.98968
21.9167	-6.99035
21.9375	-6.99101
21.9583	-6.99168
21.9792	-6.99234
22	-6.993
22.0208	-6.99366
22.0417	-6.99432
22.0625	-6.99498
22.0833	-6.99564
22.1042	-6.99629
22.125	-6.99695
22.1458	-6.9976
22.1667	-6.99826
22.1875	-6.99891
22.2083	-6.99956
22.2292	-7.00021
22.25	-7.00086
22.2708	-7.00151
22.2917	-7.00215
22.3125	-7.0028
22.3333	-7.00345
22.3542	-7.00409
22.375	-7.00473
22.3958	-7.00537
22.4167	-7.00602
22.4375	-7.00666
22.4583	-7.00729
22.4792	-7.00793
22.5	-7.00857
22.5208	-7.0092
22.5417	-7.00984
22.5625	-7.01047
22.5833	-7.01111
22.6042	-7.01174
22.625	-7.01237
22.6458	-7.013
22.6667	-7.01363
22.6875	-7.01425
22.7083	-7.01488
22.7292	-7.01551
22.75	-7.01613
22.7708	-7.01675
22.7917	-7.01738
22.8125	-7.018
22.8333	-7.01862
22.8542	-7.01924
22.875	-7.01986
22.8958	-7.02048
22.9167	-7.02109
22.9375	-7.02171
22.9583	-7.02232
22.9792	-7.02294
23	-7.02355
23.0208	-7.02416
23.0417	-7.02478
23.0625	-7.02538
23.0833	-7.02599
23.1042	-7.0266
23.125	-7.02721
23.1458	-7.02781
23.1667	-7.02842
23.1875	-7.02902
23.2083	-7.02962
23.2292	-7.03023
23.25	-7.03083
23.2708	-7.03143
23.2917	-7.03203
23.3125	-7.03263
23.3333	-7.03322
23.3542	-7.03382
23.375	-7.03442
23.3958	-7.03501
23.4167	-7.0356
23.4375	-7.0362
23.4583	-7.03679
23.4792	-7.03738
23.5	-7.03797
23.5208	-7.03856
23.5417	-7.03914
23.5625	-7.03973
23.5833	-7.04032
23.6042	-7.0409
23.625	-7.04149
23.6458	-7.04207
23.6667	-7.04265
23.6875	-7.04323
23.7083	-7.04381
23.7292	-7.04439
23.75	-7.04497
23.7708	-7.04555
23.7917	-7.04613
23.8125	-7.0467
23.8333	-7.04728
23.8542	-7.04785
23.875	-7.04842
23.8958	-7.049
23.9167	-7.04957
23.9375	-7.05014
23.9583	-7.05071
23.9792	-7.05127
24	-7.05184
24.0208	-7.05241
24.0417	-7.05297
24.0625	-7.05354
24.0833	-7.0541
24.1042	-7.05467
24.125	-7.05523
24.1458	-7.05579
24.1667	-7.05635
24.1875	-7.05691
24.2083	-7.05747
24.2292	-7.05802
24.25	-7.05858
24.2708	-7.05914
24.2917	-7.05969
24.3125	-7.06024
24.3333	-7.0608
24.3542	-7.06135
24.375	-7.0619
24.3958	-7.06245
24.4167	-7.063
24.4375	-7.06355
24.4583	-7.0641
24.4792	-7.06464
24.5	-7.06519
24.5208	-7.06573
24.5417	-7.06628
24.5625	-7.06682
24.5833	-7.06736
24.6042	-7.06791
24.625	-7.06845
24.6458	-7.06899
24.6667	-7.06952
24.6875	-7.07006
24.7083	-7.0706
24.7292	-7.07114
24.75	-7.07167
24.7708	-7.07221
24.7917	-7.07274
24.8125	-7.07327
24.8333	-7.0738
24.8542	-7.07434
24.875	-7.07487
24.8958	-7.07539
24.9167	-7.07592
24.9375	-7.07645
24.9583	-7.07698
24.9792	-7.07751
25	-7.07803
25.0208	-7.07855
25.0417	-7.07908
25.0625	-7.0796
25.0833	-7.08012
25.1042	-7.08064
25.125	-7.08116
25.1458	-7.08168
25.1667	-7.0822
25.1875	-7.08272
25.2083	-7.08323
25.2292	-7.08375
25.25	-7.08426
25.2708	-7.08478
25.2917	-7.08529
25.3125	-7.0858
25.3333	-7.08631
25.3542	-7.08682
25.375	-7.08733
25.3958	-7.08784
25.4167	-7.08835
25.4375	-7.08886
25.4583	-7.08936
25.4792	-7.08987
25.5	-7.09037
25.5208	-7.09088
25.5417	-7.09138
25.5625	-7.09188
25.5833	-7.09239
25.6042	-7.09289
25.625	-7.09339
25.6458	-7.09388
25.6667	-7.09438
25.6875	-7.09488
25.7083	-7.09538
25.7292	-7.09587
25.75	-7.09637
25.7708	-7.09686
25.7917	-7.09735
25.8125	-7.09785
25.8333	-7.09834
25.8542	-7.09883
25.875	-7.09932
25.8958	-7.09981
25.9167	-7.1003
25.9375	-7.10078
25.9583	-7.10127
25.9792	-7.10176
26	-7.10224
26.0208	-7.10273
26.0417	-7.10321
26.0625	-7.10369
26.0833	-7.10417
26.1042	-7.10466
26.125	-7.10514
26.1458	-7.10562
26.1667	-7.10609
26.1875	-7.10657
26.2083	-7.10705
26.2292	-7.10753
26.25	-7.108
26.2708	-7.10848
26.2917	-7.10895
26.3125	-7.10942
26.3333	-7.10989
26.3542	-7.11037
26.375	-7.11084
26.3958	-7.11131
26.4167	-7.11178
26.4375	-7.11224
26.4583	-7.11271
26.4792	-7.11318
26.5	-7.11364
26.5208	-7.11411
26.5417	-7.11457
26.5625	-7.11504
26.5833	-7.1155
26.6042	-7.11596
26.625	-7.11642
26.6458	-7.11688
26.6667	-7.11734
26.6875	-7.1178
26.7083	-7.11826
26.7292	-7.11872
26.75	-7.11918
26.7708	-7.11963
26.7917	-7.12009
26.8125	-7.12054
26.8333	-7.12099
26.8542	-7.12145
26.875	-7.1219
26.8958	-7.12235
26.9167	-7.1228
26.9375	-7.12325
26.9583	-7.1237
26.9792	-7.12415
27	-7.1246
27.0208	-7.12504
27.0417	-7.12549
27.0625	-7.12593
27.0833	-7.12638
27.1042	-7.12682
27.125	-7.12726
27.1458	-7.12771
27.1667	-7.12815
27.1875	-7.12859
27.2083	-7.12903
27.2292	-7.12947
27.25	-7.12991
27.2708	-7.13034
27.2917	-7.13078
27.3125	-7.13122
27.3333	-7.13165
27.3542	-7.13209
27.375	-7.13252
27.3958	-7.13295
27.4167	-7.13338
27.4375	-7.13382
27.4583	-7.13425
27.4792	-7.13468
27.5	-7.13511
27.5208	-7.13553
27.5417	-7.13596
27.5625	-7.13639
27.5833	-7.13682
27.6042	-7.13724
27.625	-7.13767
27.6458	-7.13809
27.6667	-7.13851
27.6875	-7.13894
27.7083	-7.13936
27.7292	-7.13978
27.75	-7.1402
27.7708	-7.14062
27.7917	-7.14104
27.8125	-7.14146
27.8333	-7.14187
27.8542	-7.14229
27.875	-7.14271
27.8958	-7.14312
27.9167	-7.14354
27.9375	-7.14395
27.9583	-7.14436
27.9792	-7.14478
28	-7.14519
28.0208	-7.1456
28.0417	-7.14601
28.0625	-7.14642
28.0833	-7.14683
28.1042	-7.14724
28.125	-7.14764
28.1458	-7.14805
28.1667	-7.14846
28.1875	-7.14886
28.2083	-7.14926
28.2292	-7.14967
28.25	-7.15007
28.2708	-7.15047
28.2917	-7.15088
28.3125	-7.15128
28.3333	-7.15168
28.3542	-7.15208
28.375	-7.15247
28.3958	-7.15287
28.4167	-7.15327
28.4375	-7.15367
28.4583	-7.15406
28.4792	-7.15446
28.5	-7.15485
28.5208	-7.15525
28.5417	-7.15564
28.5625	-7.15603
28.5833	-7.15642
28.6042	-7.15681
28.625	-7.1572
28.6458	-7.15759
28.6667	-7.15798
28.6875	-7.15837
28.7083	-7.15876
28.7292	-7.15914
28.75	-7.15953
28.7708	-7.15991
28.7917	-7.1603
28.8125	-7.16068
28.8333	-7.16107
28.8542	-7.16145
28.875	-7.16183
28.8958	-7.16221
28.9167	-7.16259
28.9375	-7.16297
28.9583	-7.16335
28.9792	-7.16373
29	-7.16411
29.0208	-7.16448
29.0417	-7.16486
29.0625	-7.16523
29.0833	-7.16561
29.1042	-7.16598
29.125	-7.16636
29.1458	-7.16673
29.1667	-7.1671
29.1875	-7.16747
29.2083	-7.16784
29.2292	-7.16821
29.25	-7.16858
29.2708	-7.16895
29.2917	-7.16932
29.3125	-7.16969
29.3333	-7.17005
29.3542	-7.17042
29.375	-7.17078
29.3958	-7.17115
29.4167	-7.17151
29.4375	-7.17188
29.4583	-7.17224
29.4792	-7.1726
29.5	-7.17296
29.5208	-7.17332
29.5417	-7.17368
29.5625	-7.17404
29.5833	-7.1744
29.6042	-7.17476
29.625	-7.17511
29.6458	-7.17547
29.6667	-7.17582
29.6875	-7.17618
29.7083	-7.17653
29.7292	-7.17689
29.75	-7.17724
29.7708	-7.17759
29.7917	-7.17794
29.8125	-7.1783
29.8333	-7.17865
29.8542	-7.179
29.875	-7.17934
29.8958	-7.17969
29.9167	-7.18004
29.9375	-7.18039
29.9583	-7.18073
29.9792	-7.18108
30	-7.18142
30.0208	-7.18177
30.0417	-7.18211
30.0625	-7.18245
30.0833	-7.1828
30.1042	-7.18314
30.125	-7.18348
30.1458	-7.18382
30.1667	-7.18416
30.1875	-7.1845
30.2083	-7.18484
30.2292	-7.18517
30.25	-7.18551
30.2708	-7.18585
30.2917	-7.18618
30.3125	-7.18652
30.3333	-7.18685
30.3542	-7.18719
30.375	-7.18752
30.3958	-7.18785
30.4167	-7.18818
30.4375	-7.18851
30.4583	-7.18885
30.4792	-7.18918
30.5	-7.1895
30.5208	-7.18983
30.5417	-7.19016
30.5625	-7.19049
30.5833	-7.19081
30.6042	-7.19114
30.625	-7.19147
30.6458	-7.19179
30.6667	-7.19211
30.6875	-7.19244
30.7083	-7.19276
30.7292	-7.19308
30.75	-7.1934
30.7708	-7.19372
30.7917	-7.19404
30.8125	-7.19436
30.8333	-7.19468
30.8542	-7.195
30.875	-7.19532
30.8958	-7.19563
30.9167	-7.19595
30.9375	-7.19627
30.9583	-7.19658
30.9792	-7.1969
31	-7.19721
31.0208	-7.19752
31.0417	-7.19783
31.0625	-7.19815
31.0833	-7.19846
31.1042	-7.19877
31.125	-7.19908
31.1458	-7.19939
31.1667	-7.19969
31.1875	-7.2
31.2083	-7.20031
31.2292	-7.20062
31.25	-7.20092
31.2708	-7.20123
31.2917	-7.20153
31.3125	-7.20184
31.3333	-7.20214
31.3542	-7.20244
31.375	-7.20274
31.3958	-7.20305
31.4167	-7.20335
31.4375	-7.20365
31.4583	-7.20395
31.4792	-7.20425
31.5	-7.20454
31.5208	-7.20484
31.5417	-7.20514
31.5625	-7.20544
31.5833	-7.20573
31.6042	-7.20603
31.625	-7.20632
31.6458	-7.20661
31.6667	-7.20691
31.6875	-7.2072
31.7083	-7.20749
31.7292	-7.20778
31.75	-7.20808
31.7708	-7.20837
31.7917	-7.20865
31.8125	-7.20894
31.8333	-7.20923
31.8542	-7.20952
31.875	-7.20981
31.8958	-7.21009
31.9167	-7.21038
31.9375	-7.21066
31.9583	-7.21095
31.9792	-7.21123
32	-7.21152
32.0208	-7.2118
32.0417	-7.21208
32.0625	-7.21236
32.0833	-7.21264
32.1042	-7.21292
32.125	-7.2132
32.1458	-7.21348
32.1667	-7.21376
32.1875	-7.21404
32.2083	-7.21432
32.2292	-7.21459
32.25	-7.21487
32.2708	-7.21514
32.2917	-7.21542
32.3125	-7.21569
32.3333	-7.21597
32.3542	-7.21624
32.375	-7.21651
32.3958	-7.21678
32.4167	-7.21705
32.4375	-7.21733
32.4583	-7.2176
32.4792	-7.21786
32.5	-7.21813
32.5208	-7.2184
32.5417	-7.21867
32.5625	-7.21894
32.5833	-7.2192
32.6042	-7.21947
32.625	-7.21973
32.6458	-7.22
32.6667	-7.22026
32.6875	-7.22052
32.7083	-7.22079
32.7292	-7.22105
32.75	-7.22131
32.7708	-7.22157
32.7917	-7.22183
32.8125	-7.22209
32.8333	-7.22235
32.8542	-7.22261
32.875	-7.22287
32.8958	-7.22312
32.9167	-7.22338
32.9375	-7.22363
32.9583	-7.22389
32.9792	-7.22414
33	-7.2244
33.0208	-7.22465
33.0417	-7.22491
33.0625	-7.22516
33.0833	-7.22541
33.1042	-7.22566
33.125	-7.22591
33.1458	-7.22616
33.1667	-7.22641
33.1875	-7.22666
33.2083	-7.22691
33.2292	-7.22716
33.25	-7.2274
33.2708	-7.22765
33.2917	-7.22789
33.3125	-7.22814
33.3333	-7.22838
33.3542	-7.22863
33.375	-7.22887
33.3958	-7.22911
33.4167	-7.22936
33.4375	-7.2296
33.4583	-7.22984
33.4792	-7.23008
33.5	-7.23032
33.5208	-7.23056
33.5417	-7.2308
33.5625	-7.23104
33.5833	-7.23127
33.6042	-7.23151
33.625	-7.23175
33.6458	-7.23198
33.6667	-7.23222
33.6875	-7.23245
33.7083	-7.23269
33.7292	-7.23292
33.75	-7.23315
33.7708	-7.23338
33.7917	-7.23362
33.8125	-7.23385
33.8333	-7.23408
33.8542	-7.23431
33.875	-7.23454
33.8958	-7.23476
33.9167	-7.23499
33.9375	-7.23522
33.9583	-7.23545
33.9792	-7.23567
34	-7.2359
34.0208	-7.23612
34.0417	-7.23635
34.0625	-7.23657
34.0833	-7.2368
34.1042	-7.23702
34.125	-7.23724
34.1458	-7.23746
34.1667	-7.23768
34.1875	-7.2379
34.2083	-7.23812
34.2292	-7.23834
34.25	-7.23856
34.2708	-7.23878
34.2917	-7.239
34.3125	-7.23922
34.3333	-7.23943
34.3542	-7.23965
34.375	-7.23986
34.3958	-7.24008
34.4167	-7.24029
34.4375	-7.24051
34.4583	-7.24072
34.4792	-7.24093
34.5	-7.24114
34.5208	-7.24135
34.5417	-7.24156
34.5625	-7.24177
34.5833	-7.24198
34.6042	-7.24219
34.625	-7.2424
34.6458	-7.24261
34.6667	-7.24282
34.6875	-7.24302
34.7083	-7.24323
34.7292	-7.24343
34.75	-7.24364
34.7708	-7.24384
34.7917	-7.24405
34.8125	-7.24425
34.8333	-7.24445
34.8542	-7.24466
34.875	-7.24486
34.8958	-7.24506
34.9167	-7.24526
34.9375	-7.24546
34.9583	-7.24566
34.9792	-7.24586
35	-7.24605
35.0208	-7.24625
35.0417	-7.24645
35.0625	-7.24665
35.0833	-7.24684
35.1042	-7.24704
35.125	-7.24723
35.1458	-7.24743
35.1667	-7.24762
35.1875	-7.24781
35.2083	-7.248
35.2292	-7.2482
35.25	-7.24839
35.2708	-7.24858
35.2917	-7.24877
35.3125	-7.24896
35.3333	-7.24915
35.3542	-7.24934
35.375	-7.24952
35.3958	-7.24971
35.4167	-7.2499
35.4375	-7.25008
35.4583	-7.25027
35.4792	-7.25045
35.5	-7.25064
35.5208	-7.25082
35.5417	-7.25101
35.5625	-7.25119
35.5833	-7.25137
35.6042	-7.25155
35.625	-7.25173
35.6458	-7.25191
35.6667	-7.25209
35.6875	-7.25227
35.7083	-7.25245
35.7292	-7.25263
35.75	-7.25281
35.7708	-7.25299
35.7917	-7.25316
35.8125	-7.25334
35.8333	-7.25351
35.8542	-7.25369
35.875	-7.25386
35.8958	-7.25404
35.9167	-7.25421
35.9375	-7.25438
35.9583	-7.25456
35.9792	-7.25473
36	-7.2549
36.0208	-7.25507
36.0417	-7.25524
36.0625	-7.25541
36.0833	-7.25558
36.1042	-7.25575
36.125	-7.25591
36.1458	-7.25608
36.1667	-7.25625
36.1875	-7.25641
36.2083	-7.25658
36.2292	-7.25674
36.25	-7.25691
36.2708	-7.25707
36.2917	-7.25723
36.3125	-7.2574
36.3333	-7.25756
36.3542	-7.25772
36.375	-7.25788
36.3958	-7.25804
36.4167	-7.2582
36.4375	-7.25836
36.4583	-7.25852
36.4792	-7.25868
36.5	-7.25884
36.5208	-7.25899
36.5417	-7.25915
36.5625	-7.25931
36.5833	-7.25946
36.6042	-7.25962
36.625	-7.25977
36.6458	-7.25993
36.6667	-7.26008
36.6875	-7.26023
36.7083	-7.26038
36.7292	-7.26054
36.75	-7.26069
36.7708	-7.26084
36.7917	-7.26099
36.8125	-7.26114
36.8333	-7.26129
36.8542	-7.26143
36.875	-7.26158
36.8958	-7.26173
36.9167	-7.26188
36.9375	-7.26202
36.9583	-7.26217
36.9792	-7.26231
37	-7.26246
37.0208	-7.2626
37.0417	-7.26275
37.0625	-7.26289
37.0833	-7.26303
37.1042	-7.26317
37.125	-7.26331
37.1458	-7.26345
37.1667	-7.26359
37.1875	-7.26373
37.2083	-7.26387
37.2292	-7.26401
37.25	-7.26415
37.2708	-7.26429
37.2917	-7.26442
37.3125	-7.26456
37.3333	-7.2647
37.3542	-7.26483
37.375	-7.26497
37.3958	-7.2651
37.4167	-7.26523
37.4375	-7.26537
37.4583	-7.2655
37.4792	-7.26563
37.5	-7.26576
37.5208	-7.26589
37.5417	-7.26602
37.5625	-7.26615
37.5833	-7.26628
37.6042	-7.26641
37.625	-7.26654
37.6458	-7.26667
37.6667	-7.2668
37.6875	-7.26692
37.7083	-7.26705
37.7292	-7.26717
37.75	-7.2673
37.7708	-7.26742
37.7917	-7.26755
37.8125	-7.26767
37.8333	-7.26779
37.8542	-7.26792
37.875	-7.26804
37.8958	-7.26816
37.9167	-7.26828
37.9375	-7.2684
37.9583	-7.26852
37.9792	-7.26864
38	-7.26876
38.0208	-7.26887
38.0417	-7.26899
38.0625	-7.26911
38.0833	-7.26922
38.1042	-7.26934
38.125	-7.26946
38.1458	-7.26957
38.1667	-7.26968
38.1875	-7.2698
38.2083	-7.26991
38.2292	-7.27002
38.25	-7.27014
38.2708	-7.27025
38.2917	-7.27036
38.3125	-7.27047
38.3333	-7.27058
38.3542	-7.27069
38.375	-7.2708
38.3958	-7.27091
38.4167	-7.27101
38.4375	-7.27112
38.4583	-7.27123
38.4792	-7.27133
38.5	-7.27144
38.5208	-7.27154
38.5417	-7.27165
38.5625	-7.27175
38.5833	-7.27186
38.6042	-7.27196
38.625	-7.27206
38.6458	-7.27216
38.6667	-7.27226
38.6875	-7.27236
38.7083	-7.27246
38.7292	-7.27256
38.75	-7.27266
38.7708	-7.27276
38.7917	-7.27286
38.8125	-7.27296
38.8333	-7.27306
38.8542	-7.27315
38.875	-7.27325
38.8958	-7.27334
38.9167	-7.27344
38.9375	-7.27353
38.9583	-7.27363
38.9792	-7.27372
39	-7.27381
39.0208	-7.2739
39.0417	-7.274
39.0625	-7.27409
39.0833	-7.27418
39.1042	-7.27427
39.125	-7.27436
39.1458	-7.27445
39.1667	-7.27454
39.1875	-7.27462
39.2083	-7.27471
39.2292	-7.2748
39.25	-7.27488
39.2708	-7.27497
39.2917	-7.27506
39.3125	-7.27514
39.3333	-7.27522
39.3542	-7.27531
39.375	-7.27539
39.3958	-7.27547
39.4167	-7.27556
39.4375	-7.27564
39.4583	-7.27572
39.4792	-7.2758
39.5	-7.27588
39.5208	-7.27596
39.5417	-7.27604
39.5625	-7.27612
39.5833	-7.27619
39.6042	-7.27627
39.625	-7.27635
39.6458	-7.27642
39.6667	-7.2765
39.6875	-7.27658
39.7083	-7.27665
39.7292	-7.27672
39.75	-7.2768
39.7708	-7.27687
39.7917	-7.27694
39.8125	-7.27702
39.8333	-7.27709
39.8542	-7.27716
39.875	-7.27723
39.8958	-7.2773
39.9167	-7.27737
39.9375	-7.27744
39.9583	-7.27751
39.9792	-7.27757
40	-7.27764
40.0208	-7.27771
40.0417	-7.27777
40.0625	-7.27784
40.0833	-7.27791
40.1042	-7.27797
40.125	-7.27803
40.1458	-7.2781
40.1667	-7.27816
40.1875	-7.27822
40.2083	-7.27829
40.2292	-7.27835
40.25	-7.27841
40.2708	-7.27847
40.2917	-7.27853
40.3125	-7.27859
40.3333	-7.27865
40.3542	-7.27871
40.375	-7.27876
40.3958	-7.27882
40.4167	-7.27888
40.4375	-7.27893
40.4583	-7.27899
40.4792	-7.27904
40.5	-7.2791
40.5208	-7.27915
40.5417	-7.27921
40.5625	-7.27926
40.5833	-7.27931
40.6042	-7.27936
40.625	-7.27942
40.6458	-7.27947
40.6667	-7.27952
40.6875	-7.27957
40.7083	-7.27962
40.7292	-7.27967
40.75	-7.27971
40.7708	-7.27976
40.7917	-7.27981
40.8125	-7.27986
40.8333	-7.2799
40.8542	-7.27995
40.875	-7.27999
40.8958	-7.28004
40.9167	-7.28008
40.9375	-7.28013
40.9583	-7.28017
40.9792	-7.28021
41	-7.28025
41.0208	-7.2803
41.0417	-7.28034
41.0625	-7.28038
41.0833	-7.28042
41.1042	-7.28046
41.125	-7.2805
41.1458	-7.28053
41.1667	-7.28057
41.1875	-7.28061
41.2083	-7.28065
41.2292	-7.28068
41.25	-7.28072
41.2708	-7.28075
41.2917	-7.28079
41.3125	-7.28082
41.3333	-7.28086
41.3542	-7.28089
41.375	-7.28092
41.3958	-7.28095
41.4167	-7.28099
41.4375	-7.28102
41.4583	-7.28105
41.4792	-7.28108
41.5	-7.28111
41.5208	-7.28114
41.5417	-7.28116
41.5625	-7.28119
41.5833	-7.28122
41.6042	-7.28125
41.625	-7.28127
41.6458	-7.2813
41.6667	-7.28132
41.6875	-7.28135
41.7083	-7.28137
41.7292	-7.2814
41.75	-7.28142
41.7708	-7.28144
41.7917	-7.28147
41.8125	-7.28149
41.8333	-7.28151
41.8542	-7.28153
41.875	-7.28155
41.8958	-7.28157
41.9167	-7.28159
41.9375	-7.28161
41.9583	-7.28162
41.9792	-7.28164
42	-7.28166
42.0208	-7.28168
42.0417	-7.28169
42.0625	-7.28171
42.0833	-7.28172
42.1042	-7.28174
42.125	-7.28175
42.1458	-7.28176
42.1667	-7.28178
42.1875	-7.28179
42.2083	-7.2818
42.2292	-7.28181
42.25	-7.28182
42.2708	-7.28183
42.2917	-7.28184
42.3125	-7.28185
42.3333	-7.28186
42.3542	-7.28187
42.375	-7.28188
42.3958	-7.28188
42.4167	-7.28189
42.4375	-7.28189
42.4583	-7.2819
42.4792	-7.28191
42.5	-7.28191
42.5208	-7.28191
42.5417	-7.28192
42.5625	-7.28192
42.5833	-7.28192
42.6042	-7.28192
42.625	-7.28193
42.6458	-7.28193
42.6667	-7.28193
42.6875	-7.28193
42.7083	-7.28193
42.7292	-7.28192
42.75	-7.28192
42.7708	-7.28192
42.7917	-7.28192
42.8125	-7.28191
42.8333	-7.28191
42.8542	-7.28191
42.875	-7.2819
42.8958	-7.28189
42.9167	-7.28189
42.9375	-7.28188
42.9583	-7.28188
42.9792	-7.28187
43	-7.28186
43.0208	-7.28185
43.0417	-7.28184
43.0625	-7.28183
43.0833	-7.28182
43.1042	-7.28181
43.125	-7.2818
43.1458	-7.28179
43.1667	-7.28178
43.1875	-7.28176
43.2083	-7.28175
43.2292	-7.28174
43.25	-7.28172
43.2708	-7.28171
43.2917	-7.28169
43.3125	-7.28168
43.3333	-7.28166
43.3542	-7.28164
43.375	-7.28162
43.3958	-7.28161
43.4167	-7.28159
43.4375	-7.28157
43.4583	-7.28155
43.4792	-7.28153
43.5	-7.28151
43.5208	-7.28149
43.5417	-7.28147
43.5625	-7.28144
43.5833	-7.28142
43.6042	-7.2814
43.625	-7.28137
43.6458	-7.28135
43.6667	-7.28132
43.6875	-7.2813
43.7083	-7.28127
43.7292	-7.28125
43.75	-7.28122
43.7708	-7.28119
43.7917	-7.28116
43.8125	-7.28114
43.8333	-7.28111
43.8542	-7.28108
43.875	-7.28105
43.8958	-7.28102
43.9167	-7.28099
43.9375	-7.28095
43.9583	-7.28092
43.9792	-7.28089
44	-7.28086
44.0208	-7.28082
44.0417	-7.28079
44.0625	-7.28075
44.0833	-7.28072
44.1042	-7.28068
44.125	-7.28065
44.1458	-7.28061
44.1667	-7.28057
44.1875	-7.28053
44.2083	-7.2805
44.2292	-7.28046
44.25	-7.28042
44.2708	-7.28038
44.2917	-7.28034
44.3125	-7.2803
44.3333	-7.28025
44.3542	-7.28021
44.375	-7.28017
44.3958	-7.28013
44.4167	-7.28008
44.4375	-7.28004
44.4583	-7.27999
44.4792	-7.27995
44.5	-7.2799
44.5208	-7.27986
44.5417	-7.27981
44.5625	-7.27976
44.5833	-7.27971
44.6042	-7.27967
44.625	-7.27962
44.6458	-7.27957
44.6667	-7.27952
44.6875	-7.27947
44.7083	-7.27942
44.7292	-7.27936
44.75	-7.27931
44.7708	-7.27926
44.7917	-7.27921
44.8125	-7.27915
44.8333	-7.2791
44.8542	-7.27904
44.875	-7.27899
44.8958	-7.27893
44.9167	-7.27888
44.9375	-7.27882
44.9583	-7.27876
44.9792	-7.27871
45	-7.27865
45.0208	-7.27859
45.0417	-7.27853
45.0625	-7.27847
45.0833	-7.27841
45.1042	-7.27835
45.125	-7.27829
45.1458	-7.27822
45.1667	-7.27816
45.1875	-7.2781
45.2083	-7.27803
45.2292	-7.27797
45.25	-7.27791
45.2708	-7.27784
45.2917	-7.27777
45.3125	-7.27771
45.3333	-7.27764
45.3542	-7.27757
45.375	-7.27751
45.3958	-7.27744
45.4167	-7.27737
45.4375	-7.2773
45.4583	-7.27723
45.4792	-7.27716
45.5	-7.27709
45.5208	-7.27702
45.5417	-7.27694
45.5625	-7.27687
45.5833	-7.2768
45.6042	-7.27672
45.625	-7.27665
45.6458	-7.27658
45.6667	-7.2765
45.6875	-7.27642
45.7083	-7.27635
45.7292	-7.27627
45.75	-7.27619
45.7708	-7.27612
45.7917	-7.27604
45.8125	-7.27596
45.8333	-7.27588
45.8542	-7.2758
45.875	-7.27572
45.8958	-7.27564
45.9167	-7.27556
45.9375	-7.27547
45.9583	-7.27539
45.9792	-7.27531
46	-7.27522
46.0208	-7.27514
46.0417	-7.27506
46.0625	-7.27497
46.0833	-7.27488
46.1042	-7.2748
46.125	-7.27471
46.1458	-7.27462
46.1667	-7.27454
46.1875	-7.27445
46.2083	-7.27436
46.2292	-7.27427
46.25	-7.27418
46.2708	-7.27409
46.2917	-7.274
46.3125	-7.2739
46.3333	-7.27381
46.3542	-7.27372
46.375	-7.27363
46.3958	-7.27353
46.4167	-7.27344
46.4375	-7.27334
46.4583	-7.27325
46.4792	-7.27315
46.5	-7.27306
46.5208	-7.27296
46.5417	-7.27286
46.5625	-7.27276
46.5833	-7.27266
46.6042	-7.27256
46.625	-7.27246
46.6458	-7.27236
46.6667	-7.27226
46.6875	-7.27216
46.7083	-7.27206
46.7292	-7.27196
46.75	-7.27186
46.7708	-7.27175
46.7917	-7.27165
46.8125	-7.27154
46.8333	-7.27144
46.8542	-7.27133
46.875	-7.27123
46.8958	-7.27112
46.9167	-7.27101
46.9375	-7.27091
46.9583	-7.2708
46.9792	-7.27069
47	-7.27058
47.0208	-7.27047
47.0417	-7.27036
47.0625	-7.27025
47.0833	-7.27014
47.1042	-7.27002
47.125	-7.26991
47.1458	-7.2698
47.1667	-7.26968
47.1875	-7.26957
47.2083	-7.26946
47.2292	-7.26934
47.25	-7.26922
47.2708	-7.26911
47.2917	-7.26899
47.3125	-7.26887
47.3333	-7.26876
47.3542	-7.26864
47.375	-7.26852
47.3958	-7.2684
47.4167	-7.26828
47.4375	-7.26816
47.4583	-7.26804
47.4792	-7.26792
47.5	-7.26779
47.5208	-7.26767
47.5417	-7.26755
47.5625	-7.26742
47.5833	-7.2673
47.6042	-7.26717
47.625	-7.26705
47.6458	-7.26692
47.6667	-7.2668
47.6875	-7.26667
47.7083	-7.26654
47.7292	-7.26641
47.75	-7.26628
47.7708	-7.26615
47.7917	-7.26602
47.8125	-7.26589
47.8333	-7.26576
47.8542	-7.26563
47.875	-7.2655
47.8958	-7.26537
47.9167	-7.26523
47.9375	-7.2651
47.9583	-7.26497
47.9792	-7.26483
48	-7.2647
48.0208	-7.26456
48.0417	-7.26442
48.0625	-7.26429
48.0833	-7.26415
48.1042	-7.26401
48.125	-7.26387
48.1458	-7.26373
48.1667	-7.26359
48.1875	-7.26345
48.2083	-7.26331
48.2292	-7.26317
48.25	-7.26303
48.2708	-7.26289
48.2917	-7.26275
48.3125	-7.2626
48.3333	-7.26246
48.3542	-7.26231
48.375	-7.26217
48.3958	-7.26202
48.4167	-7.26188
48.4375	-7.26173
48.4583	-7.26158
48.4792	-7.26143
48.5	-7.26129
48.5208	-7.26114
48.5417	-7.26099
48.5625	-7.26084
48.5833	-7.26069
48.6042	-7.26054
48.625	-7.26038
48.6458	-7.26023
48.6667	-7.26008
48.6875	-7.25993
48.7083	-7.25977
48.7292	-7.25962
48.75	-7.25946
48.7708	-7.25931
48.7917	-7.25915
48.8125	-7.25899
48.8333	-7.25884
48.8542	-7.25868
48.875	-7.25852
48.8958	-7.25836
48.9167	-7.2582
48.9375	-7.25804
48.9583	-7.25788
48.9792	-7.25772
49	-7.25756
49.0208	-7.2574
49.0417	-7.25723
49.0625	-7.25707
49.0833	-7.25691
49.1042	-7.25674
49.125	-7.25658
49.1458	-7.25641
49.1667	-7.25625
49.1875	-7.25608
49.2083	-7.25591
49.2292	-7.25575
49.25	-7.25558
49.2708	-7.25541
49.2917	-7.25524
49.3125	-7.25507
49.3333	-7.2549
49.3542	-7.25473
49.375	-7.25456
49.3958	-7.25438
49.4167	-7.25421
49.4375	-7.25404
49.4583	-7.25386
49.4792	-7.25369
49.5	-7.25351
49.5208	-7.25334
49.5417	-7.25316
49.5625	-7.25299
49.5833	-7.25281
49.6042	-7.25263
49.625	-7.25245
49.6458	-7.25227
49.6667	-7.25209
49.6875	-7.25191
49.7083	-7.25173
49.7292	-7.25155
49.75	-7.25137
49.7708	-7.25119
49.7917	-7.25101
49.8125	-7.25082
49.8333	-7.25064
49.8542	-7.25045
49.875	-7.25027
49.8958	-7.25008
49.9167	-7.2499
49.9375	-7.24971
49.9583	-7.24952
49.9792	-7.24934
50	-7.24915
50.0208	-7.24896
50.0417	-7.24877
50.0625	-7.24858
50.0833	-7.24839
50.1042	-7.2482
50.125	-7.248
50.1458	-7.24781
50.1667	-7.24762
50.1875	-7.24743
50.2083	-7.24723
50.2292	-7.24704
50.25	-7.24684
50.2708	-7.24665
50.2917	-7.24645
50.3125	-7.24625
50.3333	-7.24605
50.3542	-7.24586
50.375	-7.24566
50.3958	-7.24546
50.4167	-7.24526
50.4375	-7.24506
50.4583	-7.24486
50.4792	-7.24466
50.5	-7.24445
50.5208	-7.24425
50.5417	-7.24405
50.5625	-7.24384
50.5833	-7.24364
50.6042	-7.24343
50.625	-7.24323
50.6458	-7.24302
50.6667	-7.24282
50.6875	-7.24261
50.7083	-7.2424
50.7292	-7.24219
50.75	-7.24198
50.7708	-7.24177
50.7917	-7.24156
50.8125	-7.24135
50.8333	-7.24114
50.8542	-7.24093
50.875	-7.24072
50.8958	-7.24051
50.9167	-7.24029
50.9375	-7.24008
50.9583	-7.23986
50.9792	-7.23965
51	-7.23943
51.0208	-7.23922
51.0417	-7.239
51.0625	-7.23878
51.0833	-7.23856
51.1042	-7.23834
51.125	-7.23812
51.1458	-7.2379
51.1667	-7.23768
51.1875	-7.23746
51.2083	-7.23724
51.2292	-7.23702
51.25	-7.2368
51.2708	-7.23657
51.2917	-7.23635
51.3125	-7.23612
51.3333	-7.2359
51.3542	-7.23567
51.375	-7.23545
51.3958	-7.23522
51.4167	-7.23499
51.4375	-7.23476
51.4583	-7.23454
51.4792	-7.23431
51.5	-7.23408
51.5208	-7.23385
51.5417	-7.23362
51.5625	-7.23338
51.5833	-7.23315
51.6042	-7.23292
51.625	-7.23269
51.6458	-7.23245
51.6667	-7.23222
51.6875	-7.23198
51.7083	-7.23175
51.7292	-7.23151
51.75	-7.23127
51.7708	-7.23104
51.7917	-7.2308
51.8125	-7.23056
51.8333	-7.23032
51.8542	-7.23008
51.875	-7.22984
51.8958	-7.2296
51.9167	-7.22936
51.9375	-7.22911
51.9583	-7.22887
51.9792	-7.22863
52	-7.22838
52.0208	-7.22814
52.0417	-7.22789
52.0625	-7.22765
52.0833	-7.2274
52.1042	-7.22716
52.125	-7.22691
52.1458	-7.22666
52.1667	-7.22641
52.1875	-7.22616
52.2083	-7.22591
52.2292	-7.22566
52.25	-7.22541
52.2708	-7.22516
52.2917	-7.22491
52.3125	-7.22465
52.3333	-7.2244
52.3542	-7.22414
52.375	-7.22389
52.3958	-7.22363
52.4167	-7.22338
52.4375	-7.22312
52.4583	-7.22287
52.4792	-7.22261
52.5	-7.22235
52.5208	-7.22209
52.5417	-7.22183
52.5625	-7.22157
52.5833	-7.22131
52.6042	-7.22105
52.625	-7.22079
52.6458	-7.22052
52.6667	-7.22026
52.6875	-7.22
52.7083	-7.21973
52.7292	-7.21947
52.75	-7.2192
52.7708	-7.21894
52.7917	-7.21867
52.8125	-7.2184
52.8333	-7.21813
52.8542	-7.21786
52.875	-7.2176
52.8958	-7.21733
52.9167	-7.21705
52.9375	-7.21678
52.9583	-7.21651
52.9792	-7.21624
53	-7.21597
53.0208	-7.21569
53.0417	-7.21542
53.0625	-7.21514
53.0833	-7.21487
53.1042	-7.21459
53.125	-7.21432
53.1458	-7.21404
53.1667	-7.21376
53.1875	-7.21348
53.2083	-7.2132
53.2292	-7.21292
53.25	-7.21264
53.2708	-7.21236
53.2917	-7.21208
53.3125	-7.2118
53.3333	-7.21152
53.3542	-7.21123
53.375	-7.21095
53.3958	-7.21066
53.4167	-7.21038
53.4375	-7.21009
53.4583	-7.20981
53.4792	-7.20952
53.5	-7.20923
53.5208	-7.20894
53.5417	-7.20865
53.5625	-7.20837
53.5833	-7.20808
53.6042	-7.20778
53.625	-7.20749
53.6458	-7.2072
53.6667	-7.20691
53.6875	-7.20661
53.7083	-7.20632
53.7292	-7.20603
53.75	-7.20573
53.7708	-7.20544
53.7917	-7.20514
53.8125	-7.20484
53.8333	-7.20454
53.8542	-7.20425
53.875	-7.20395
53.8958	-7.20365
53.9167	-7.20335
53.9375	-7.20305
53.9583	-7.20274
53.9792	-7.20244
54	-7.20214
54.0208	-7.20184
54.0417	-7.20153
54.0625	-7.20123
54.0833	-7.20092
54.1042	-7.20062
54.125	-7.20031
54.1458	-7.2
54.1667	-7.19969
54.1875	-7.19939
54.2083	-7.19908
54.2292	-7.19877
54.25	-7.19846
54.2708	-7.19815
54.2917	-7.19783
54.3125	-7.19752
54.3333	-7.19721
54.3542	-7.1969
54.375	-7.19658
54.3958	-7.19627
54.4167	-7.19595
54.4375	-7.19563
54.4583	-7.19532
54.4792	-7.195
54.5	-7.19468
54.5208	-7.19436
54.5417	-7.19404
54.5625	-7.19372
54.5833	-7.1934
54.6042	-7.19308
54.625	-7.19276
54.6458	-7.19244
54.6667	-7.19211
54.6875	-7.19179
54.7083	-7.19147
54.7292	-7.19114
54.75	-7.19081
54.7708	-7.19049
54.7917	-7.19016
54.8125	-7.18983
54.8333	-7.1895
54.8542	-7.18918
54.875	-7.18885
54.8958	-7.18851
54.9167	-7.18818
54.9375	-7.18785
54.9583	-7.18752
54.9792	-7.18719
55	-7.18685
55.0208	-7.18652
55.0417	-7.18618
55.0625	-7.18585
55.0833	-7.18551
55.1042	-7.18517
55.125	-7.18484
55.1458	-7.1845
55.1667	-7.18416
55.1875	-7.18382
55.2083	-7.18348
55.2292	-7.18314
55.25	-7.1828
55.2708	-7.18245
55.2917	-7.18211
55.3125	-7.18177
55.3333	-7.18142
55.3542	-7.18108
55.375	-7.18073
55.3958	-7.18039
55.4167	-7.18004
55.4375	-7.17969
55.4583	-7.17934
55.4792	-7.179
55.5	-7.17865
55.5208	-7.1783
55.5417	-7.17794
55.5625	-7.17759
55.5833	-7.17724
55.6042	-7.17689
55.625	-7.17653
55.6458	-7.17618
55.6667	-7.17582
55.6875	-7.17547
55.7083	-7.17511
55.7292	-7.17476
55.75	-7.1744
55.7708	-7.17404
55.7917	-7.17368
55.8125	-7.17332
55.8333	-7.17296
55.8542	-7.1726
55.875	-7.17224
55.8958	-7.17188
55.9167	-7.17151
55.9375	-7.17115
55.9583	-7.17078
55.9792	-7.17042
56	-7.17005
56.0208	-7.16969
56.0417	-7.16932
56.0625	-7.16895
56.0833	-7.16858
56.1042	-7.16821
56.125	-7.16784
56.1458	-7.16747
56.1667	-7.1671
56.1875	-7.16673
56.2083	-7.16636
56.2292	-7.16598
56.25	-7.16561
56.2708	-7.16523
56.2917	-7.16486
56.3125	-7.16448
56.3333	-7.16411
56.3542	-7.16373
56.375	-7.16335
56.3958	-7.16297
56.4167	-7.16259
56.4375	-7.16221
56.4583	-7.16183
56.4792	-7.16145
56.5	-7.16107
56.5208	-7.16068
56.5417	-7.1603
56.5625	-7.15991
56.5833	-7.15953
56.6042	-7.15914
56.625	-7.15876
56.6458	-7.15837
56.6667	-7.15798
56.6875	-7.15759
56.7083	-7.1572
56.7292	-7.15681
56.75	-7.15642
56.7708	-7.15603
56.7917	-7.15564
56.8125	-7.15525
56.8333	-7.15485
56.8542	-7.15446
56.875	-7.15406
56.8958	-7.15367
56.9167	-7.15327
56.9375	-7.15287
56.9583	-7.15247
56.9792	-7.15208
57	-7.15168
57.0208	-7.15128
57.0417	-7.15088
57.0625	-7.15047
57.0833	-7.15007
57.1042	-7.14967
57.125	-7.14926
57.1458	-7.14886
57.1667	-7.14846
57.1875	-7.14805
57.2083	-7.14764
57.2292	-7.14724
57.25	-7.14683
57.2708	-7.14642
57.2917	-7.14601
57.3125	-7.1456
57.3333	-7.14519
57.3542	-7.14478
57.375	-7.14436
57.3958	-7.14395
57.4167	-7.14354
57.4375	-7.14312
57.4583	-7.14271
57.4792	-7.14229
57.5	-7.14187
57.5208	-7.14146
57.5417	-7.14104
57.5625	-7.14062
57.5833	-7.1402
57.6042	-7.13978
57.625	-7.13936
57.6458	-7.13894
57.6667	-7.13851
57.6875	-7.13809
57.7083	-7.13767
57.7292	-7.13724
57.75	-7.13682
57.7708	-7.13639
57.7917	-7.13596
57.8125	-7.13553
57.8333	-7.13511
57.8542	-7.13468
57.875	-7.13425
57.8958	-7.13382
57.9167	-7.13338
57.9375	-7.13295
57.9583	-7.13252
57.9792	-7.13209
58	-7.13165
58.0208	-7.13122
58.0417	-7.13078
58.0625	-7.13034
58.0833	-7.12991
58.1042	-7.12947
58.125	-7.12903
58.1458	-7.12859
58.1667	-7.12815
58.1875	-7.12771
58.2083	-7.12726
58.2292	-7.12682
58.25	-7.12638
58.2708	-7.12593
58.2917	-7.12549
58.3125	-7.12504
58.3333	-7.1246
58.3542	-7.12415
58.375	-7.1237
58.3958	-7.12325
58.4167	-7.1228
58.4375	-7.12235
58.4583	-7.1219
58.4792	-7.12145
58.5	-7.12099
58.5208	-7.12054
58.5417	-7.12009
58.5625	-7.11963
58.5833	-7.11918
58.6042	-7.11872
58.625	-7.11826
58.6458	-7.1178
58.6667	-7.11734
58.6875	-7.11688
58.7083	-7.11642
58.7292	-7.11596
58.75	-7.1155
58.7708	-7.11504
58.7917	-7.11457
58.8125	-7.11411
58.8333	-7.11364
58.8542	-7.11318
58.875	-7.11271
58.8958	-7.11224
58.9167	-7.11178
58.9375	-7.11131
58.9583	-7.11084
58.9792	-7.11037
59	-7.10989
59.0208	-7.10942
59.0417	-7.10895
59.0625	-7.10848
59.0833	-7.108
59.1042	-7.10753
59.125	-7.10705
59.1458	-7.10657
59.1667	-7.10609
59.1875	-7.10562
59.2083	-7.10514
59.2292	-7.10466
59.25	-7.10417
59.2708	-7.10369
59.2917	-7.10321
59.3125	-7.10273
59.3333	-7.10224
59.3542	-7.10176
59.375	-7.10127
59.3958	-7.10078
59.4167	-7.1003
59.4375	-7.09981
59.4583	-7.09932
59.4792	-7.09883
59.5	-7.09834
59.5208	-7.09785
59.5417	-7.09735
59.5625	-7.09686
59.5833	-7.09637
59.6042	-7.09587
59.625	-7.09538
59.6458	-7.09488
59.6667	-7.09438
59.6875	-7.09388
59.7083	-7.09339
59.7292	-7.09289
59.75	-7.09239
59.7708	-7.09188
59.7917	-7.09138
59.8125	-7.09088
59.8333	-7.09037
59.8542	-7.08987
59.875	-7.08936
59.8958	-7.08886
59.9167	-7.08835
59.9375	-7.08784
59.9583	-7.08733
59.9792	-7.08682
60	-7.08631
60.0208	-7.0858
60.0417	-7.08529
60.0625	-7.08478
60.0833	-7.08426
60.1042	-7.08375
60.125	-7.08323
60.1458	-7.08272
60.1667	-7.0822
60.1875	-7.08168
60.2083	-7.08116
60.2292	-7.08064
60.25	-7.08012
60.2708	-7.0796
60.2917	-7.07908
60.3125	-7.07855
60.3333	-7.07803
60.3542	-7.07751
60.375	-7.07698
60.3958	-7.07645
60.4167	-7.07592
60.4375	-7.07539
60.4583	-7.07487
60.4792	-7.07434
60.5	-7.0738
60.5208	-7.07327
60.5417	-7.07274
60.5625	-7.07221
60.5833	-7.07167
60.6042	-7.07114
60.625	-7.0706
60.6458	-7.07006
60.6667	-7.06952
60.6875	-7.06899
60.7083	-7.06845
60.7292	-7.06791
60.75	-7.06736
60.7708	-7.06682
60.7917	-7.06628
60.8125	-7.06573
60.8333	-7.06519
60.8542	-7.06464
60.875	-7.0641
60.8958	-7.06355
60.9167	-7.063
60.9375	-7.06245
60.9583	-7.0619
60.9792	-7.06135
61	-7.0608
61.0208	-7.06024
61.0417	-7.05969
61.0625	-7.05914
61.0833	-7.05858
61.1042	-7.05802
61.125	-7.05747
61.1458	-7.05691
61.1667	-7.05635
61.1875	-7.05579
61.2083	-7.05523
61.2292	-7.05467
61.25	-7.0541
61.2708	-7.05354
61.2917	-7.05297
61.3125	-7.05241
61.3333	-7.05184
61.3542	-7.05127
61.375	-7.05071
61.3958	-7.05014
61.4167	-7.04957
61.4375	-7.049
61.4583	-7.04842
61.4792	-7.04785
61.5	-7.04728
61.5208	-7.0467
61.5417	-7.04613
61.5625	-7.04555
61.5833	-7.04497
61.6042	-7.04439
61.625	-7.04381
61.6458	-7.04323
61.6667	-7.04265
61.6875	-7.04207
61.7083	-7.04149
61.7292	-7.0409
61.75	-7.04032
61.7708	-7.03973
61.7917	-7.03914
61.8125	-7.03856
61.8333	-7.03797
61.8542	-7.03738
61.875	-7.03679
61.8958	-7.0362
61.9167	-7.0356
61.9375	-7.03501
61.9583	-7.03442
61.9792	-7.03382
62	-7.03322
62.0208	-7.03263
62.0417	-7.03203
62.0625	-7.03143
62.0833	-7.03083
62.1042	-7.03023
62.125	-7.02962
62.1458	-7.02902
62.1667	-7.02842
62.1875	-7.02781
62.2083	-7.02721
62.2292	-7.0266
62.25	-7.02599
62.2708	-7.02538
62.2917	-7.02478
62.3125	-7.02416
62.3333	-7.02355
62.3542	-7.02294
62.375	-7.02232
62.3958	-7.02171
62.4167	-7.02109
62.4375	-7.02048
62.4583	-7.01986
62.4792	-7.01924
62.5	-7.01862
62.5208	-7.018
62.5417	-7.01738
62.5625	-7.01675
62.5833	-7.01613
62.6042	-7.01551
62.625	-7.01488
62.6458	-7.01425
62.6667	-7.01363
62.6875	-7.013
62.7083	-7.01237
62.7292	-7.01174
62.75	-7.01111
62.7708	-7.01047
62.7917	-7.00984
62.8125	-7.0092
62.8333	-7.00857
62.8542	-7.00793
62.875	-7.00729
62.8958	-7.00666
62.9167	-7.00602
62.9375	-7.00537
62.9583	-7.00473
62.9792	-7.00409
63	-7.00345
63.0208	-7.0028
63.0417	-7.00215
63.0625	-7.00151
63.0833	-7.00086
63.1042	-7.00021
63.125	-6.99956
63.1458	-6.99891
63.1667	-6.99826
63.1875	-6.9976
63.2083	-6.99695
63.2292	-6.99629
63.25	-6.99564
63.2708	-6.99498
63.2917	-6.99432
63.3125	-6.99366
63.3333	-6.993
63.3542	-6.99234
63.375	-6.99168
63.3958	-6.99101
63.4167	-6.99035
63.4375	-6.98968
63.4583	-6.98902
63.4792	-6.98835
63.5	-6.98768
63.5208	-6.98701
63.5417	-6.98634
63.5625	-6.98567
63.5833	-6.98499
63.6042	-6.98432
63.625	-6.98364
63.6458	-6.98297
63.6667	-6.98229
63.6875	-6.98161
63.7083	-6.98093
63.7292	-6.98025
63.75	-6.97957
63.7708	-6.97888
63.7917	-6.9782
63.8125	-6.97751
63.8333	-6.97683
63.8542	-6.97614
63.875	-6.97545
63.8958	-6.97476
63.9167	-6.97407
63.9375	-6.97338
63.9583	-6.97269
63.9792	-6.97199
64	-6.9713
64.0208	-6.9706
64.0417	-6.9699
64.0625	-6.9692
64.0833	-6.9685
64.1042	-6.9678
64.125	-6.9671
64.1458	-6.9664
64.1667	-6.96569
64.1875	-6.96499
64.2083	-6.96428
64.2292	-6.96357
64.25	-6.96287
64.2708	-6.96215
64.2917	-6.96145
64.3125	-6.96073
64.3333	-6.96002
64.3542	-6.95931
64.375	-6.95858
64.3958	-6.95788
64.4167	-6.95715
64.4375	-6.95644
64.4583	-6.95572
64.4792	-6.95499
64.5	-6.95427
64.5208	-6.95355
64.5417	-6.95282
64.5625	-6.9521
64.5833	-6.95137
64.6042	-6.95064
64.625	-6.94991
64.6458	-6.94918
64.6667	-6.94845
64.6875	-6.94772
64.7083	-6.94698
64.7292	-6.94625
64.75	-6.94551
64.7708	-6.94477
64.7917	-6.94403
64.8125	-6.94329
64.8333	-6.94255
64.8542	-6.94181
64.875	-6.94107
64.8958	-6.94032
64.9167	-6.93957
64.9375	-6.93883
64.9583	-6.93808
64.9792	-6.93733
65	-6.93658
65.0208	-6.93583
65.0417	-6.93507
65.0625	-6.93432
65.0833	-6.93356
65.1042	-6.9328
65.125	-6.93205
65.1458	-6.93129
65.1667	-6.93053
65.1875	-6.92976
65.2083	-6.929
65.2292	-6.92824
65.25	-6.92747
65.2708	-6.9267
65.2917	-6.92594
65.3125	-6.92517
65.3333	-6.9244
65.3542	-6.92362
65.375	-6.92285
65.3958	-6.92208
65.4167	-6.9213
65.4375	-6.92052
65.4583	-6.91975
65.4792	-6.91897
65.5	-6.91818
65.5208	-6.9174
65.5417	-6.91662
65.5625	-6.91583
65.5833	-6.91505
65.6042	-6.91426
65.625	-6.91347
65.6458	-6.91268
65.6667	-6.91189
65.6875	-6.9111
65.7083	-6.91031
65.7292	-6.90951
65.75	-6.90872
65.7708	-6.90792
65.7917	-6.90712
65.8125	-6.90632
65.8333	-6.90552
65.8542	-6.90472
65.875	-6.90391
65.8958	-6.90311
65.9167	-6.9023
65.9375	-6.90149
65.9583	-6.90068
65.9792	-6.89987
66	-6.89906
66.0208	-6.89825
66.0417	-6.89743
66.0625	-6.89661
66.0833	-6.8958
66.1042	-6.89498
66.125	-6.89416
66.1458	-6.89334
66.1667	-6.89251
66.1875	-6.89169
66.2083	-6.89087
66.2292	-6.89004
66.25	-6.88921
66.2708	-6.88837
66.2917	-6.88756
66.3125	-6.88671
66.3333	-6.88588
66.3542	-6.88506
66.375	-6.8842
66.3958	-6.88338
66.4167	-6.88253
66.4375	-6.88169
66.4583	-6.88085
66.4792	-6.88001
66.5	-6.87916
66.5208	-6.87832
66.5417	-6.87747
66.5625	-6.87662
66.5833	-6.87577
66.6042	-6.87492
66.625	-6.87407
66.6458	-6.87321
66.6667	-6.87236
66.6875	-6.8715
66.7083	-6.87064
66.7292	-6.86978
66.75	-6.86892
66.7708	-6.86805
66.7917	-6.86719
66.8125	-6.86632
66.8333	-6.86546
66.8542	-6.86459
66.875	-6.86372
66.8958	-6.86284
66.9167	-6.86197
66.9375	-6.8611
66.9583	-6.86022
66.9792	-6.85934
67	-6.85846
67.0208	-6.85758
67.0417	-6.8567
67.0625	-6.85582
67.0833	-6.85493
67.1042	-6.85404
67.125	-6.85316
67.1458	-6.85227
67.1667	-6.85137
67.1875	-6.85048
67.2083	-6.84959
67.2292	-6.84869
67.25	-6.84779
67.2708	-6.8469
67.2917	-6.846
67.3125	-6.84509
67.3333	-6.84419
67.3542	-6.84329
67.375	-6.84238
67.3958	-6.84147
67.4167	-6.84056
67.4375	-6.83965
67.4583	-6.83874
67.4792	-6.83782
67.5	-6.83691
67.5208	-6.83599
67.5417	-6.83507
67.5625	-6.83415
67.5833	-6.83323
67.6042	-6.83231
67.625	-6.83138
67.6458	-6.83046
67.6667	-6.82953
67.6875	-6.8286
67.7083	-6.82767
67.7292	-6.82673
67.75	-6.8258
67.7708	-6.82486
67.7917	-6.82392
67.8125	-6.82298
67.8333	-6.82204
67.8542	-6.8211
67.875	-6.82016
67.8958	-6.81921
67.9167	-6.81826
67.9375	-6.81731
67.9583	-6.81636
67.9792	-6.81541
68	-6.81446
68.0208	-6.8135
68.0417	-6.81254
68.0625	-6.81158
68.0833	-6.81062
68.1042	-6.80966
68.125	-6.8087
68.1458	-6.80773
68.1667	-6.80676
68.1875	-6.80579
68.2083	-6.80482
68.2292	-6.80385
68.25	-6.80288
68.2708	-6.80189
68.2917	-6.80095
68.3125	-6.79992
68.3333	-6.79896
68.3542	-6.798
68.375	-6.79697
68.3958	-6.79602
68.4167	-6.79502
68.4375	-6.79403
68.4583	-6.79304
68.4792	-6.79205
68.5	-6.79105
68.5208	-6.79006
68.5417	-6.78906
68.5625	-6.78806
68.5833	-6.78706
68.6042	-6.78605
68.625	-6.78505
68.6458	-6.78404
68.6667	-6.78303
68.6875	-6.78202
68.7083	-6.78101
68.7292	-6.77999
68.75	-6.77898
68.7708	-6.77796
68.7917	-6.77694
68.8125	-6.77592
68.8333	-6.77489
68.8542	-6.77387
68.875	-6.77284
68.8958	-6.77181
68.9167	-6.77078
68.9375	-6.76975
68.9583	-6.76871
68.9792	-6.76768
69	-6.76664
69.0208	-6.7656
69.0417	-6.76456
69.0625	-6.76351
69.0833	-6.76247
69.1042	-6.76142
69.125	-6.76037
69.1458	-6.75932
69.1667	-6.75827
69.1875	-6.75721
69.2083	-6.75615
69.2292	-6.75509
69.25	-6.75403
69.2708	-6.75297
69.2917	-6.75191
69.3125	-6.75084
69.3333	-6.74977
69.3542	-6.7487
69.375	-6.74763
69.3958	-6.74655
69.4167	-6.74548
69.4375	-6.7444
69.4583	-6.74332
69.4792	-6.74223
69.5	-6.74115
69.5208	-6.74006
69.5417	-6.73897
69.5625	-6.73788
69.5833	-6.73679
69.6042	-6.7357
69.625	-6.7346
69.6458	-6.7335
69.6667	-6.7324
69.6875	-6.7313
69.7083	-6.73019
69.7292	-6.72909
69.75	-6.72798
69.7708	-6.72687
69.7917	-6.72576
69.8125	-6.72464
69.8333	-6.72352
69.8542	-6.7224
69.875	-6.72128
69.8958	-6.72016
69.9167	-6.71903
69.9375	-6.71791
69.9583	-6.71677
69.9792	-6.71565
70	-6.7145
70.0208	-6.71338
70.0417	-6.71224
70.0625	-6.71109
70.0833	-6.70996
70.1042	-6.7088
70.125	-6.70768
70.1458	-6.70651
70.1667	-6.70536
70.1875	-6.70422
70.2083	-6.70305
70.2292	-6.7019
70.25	-6.70075
70.2708	-6.69953
70.2917	-6.6985
70.3125	-6.69713
70.3333	-6.69617
70.3542	-6.69484
70.375	-6.69379
70.3958	-6.69249
70.4167	-6.69142
70.4375	-6.69018
70.4583	-6.68902
70.4792	-6.68784
70.5	-6.68664
70.5208	-6.68546
70.5417	-6.68427
70.5625	-6.68307
70.5833	-6.68188
70.6042	-6.68068
70.625	-6.67947
70.6458	-6.67828
70.6667	-6.67706
70.6875	-6.67586
70.7083	-6.67465
70.7292	-6.67344
70.75	-6.67222
70.7708	-6.671
70.7917	-6.66978
70.8125	-6.66856
70.8333	-6.66734
70.8542	-6.66611
70.875	-6.66488
70.8958	-6.66365
70.9167	-6.66242
70.9375	-6.66118
70.9583	-6.65994
70.9792	-6.6587
71	-6.65746
71.0208	-6.65621
71.0417	-6.65496
71.0625	-6.65371
71.0833	-6.65245
71.1042	-6.6512
71.125	-6.64994
71.1458	-6.64868
71.1667	-6.64741
71.1875	-6.64615
71.2083	-6.64488
71.2292	-6.64361
71.25	-6.64233
71.2708	-6.64106
71.2917	-6.63978
71.3125	-6.63849
71.3333	-6.63721
71.3542	-6.63592
71.375	-6.63463
71.3958	-6.63334
71.4167	-6.63205
71.4375	-6.63075
71.4583	-6.62945
71.4792	-6.62815
71.5	-6.62684
71.5208	-6.62553
71.5417	-6.62422
71.5625	-6.62291
71.5833	-6.62159
71.6042	-6.62027
71.625	-6.61895
71.6458	-6.61763
71.6667	-6.6163
71.6875	-6.61497
71.7083	-6.61363
71.7292	-6.6123
71.75	-6.61097
71.7708	-6.6096
71.7917	-6.60831
71.8125	-6.60688
71.8333	-6.60563
71.8542	-6.60419
71.875	-6.60286
71.8958	-6.60159
71.9167	-6.59999
71.9375	-6.59901
71.9583	-6.59716
71.9792	-6.59631
72	-6.59449
72.0208	-6.59332
72.0417	-6.5922
72.0625	-6.58992
72.0833	-6.59002
72.1042	-6.58696
72.125	-6.5868
72.1458	-6.58512
72.1667	-6.58301
72.1875	-6.5829
72.2083	-6.58026
72.2292	-6.57948
72.25	-6.57864
72.2708	-6.57456
72.2917	-6.57907
72.3125	-6.56783
72.3333	-6.57951
72.3542	-6.56381
72.375	-6.57519
72.3958	-6.56446
72.4167	-6.56809
72.4375	-6.56505
72.4583	-6.5633
72.4792	-6.56261
72.5	-6.5608
72.5208	-6.5592
72.5417	-6.55814
72.5625	-6.55639
72.5833	-6.55492
72.6042	-6.5538
72.625	-6.55177
72.6458	-6.55095
72.6667	-6.54887
72.6875	-6.54789
72.7083	-6.54607
72.7292	-6.54478
72.75	-6.54322
72.7708	-6.54172
72.7917	-6.54028
72.8125	-6.53873
72.8333	-6.53728
72.8542	-6.53575
72.875	-6.53425
72.8958	-6.53274
72.9167	-6.53123
72.9375	-6.52972
72.9583	-6.52819
72.9792	-6.52667
73	-6.52515
73.0208	-6.52362
73.0417	-6.52208
73.0625	-6.52055
73.0833	-6.51901
73.1042	-6.51747
73.125	-6.51592
73.1458	-6.51437
73.1667	-6.51281
73.1875	-6.51125
73.2083	-6.5097
73.2292	-6.50812
73.25	-6.50656
73.2708	-6.50499
73.2917	-6.50341
73.3125	-6.50183
73.3333	-6.50024
73.3542	-6.49866
73.375	-6.49707
73.3958	-6.49547
73.4167	-6.49387
73.4375	-6.49227
73.4583	-6.49066
73.4792	-6.48905
73.5	-6.48744
73.5208	-6.48582
73.5417	-6.4842
73.5625	-6.48257
73.5833	-6.48094
73.6042	-6.47931
73.625	-6.47766
73.6458	-6.47604
73.6667	-6.47435
73.6875	-6.47275
73.7083	-6.47111
73.7292	-6.46924
73.75	-6.46821
73.7708	-6.46521
73.7917	-6.46576
73.8125	-6.46117
73.8333	-6.46228
73.8542	-6.45941
73.875	-6.4556
73.8958	-6.46037
73.9167	-6.44843
73.9375	-6.45859
73.9583	-6.44638
73.9792	-6.45041
74	-6.45126
74.0208	-6.43237
74.0417	-6.47
74.0625	-6.4056
74.0833	-6.48008
74.1042	-6.4157
74.125	-6.42976
74.1458	-6.46811
74.1667	-6.39252
74.1875	-6.46426
74.2083	-6.41635
74.2292	-6.4242
74.25	-6.45545
74.2708	-6.35118
74.2917	-6.58686
74.3125	-6.22355
74.3333	-6.70631
74.3542	-6.21202
74.375	-6.54698
74.3958	-6.35984
74.4167	-6.39311
74.4375	-6.44583
74.4583	-6.38802
74.4792	-6.40465
74.5	-6.42028
74.5208	-6.38855
74.5417	-6.40683
74.5625	-6.40469
74.5833	-6.38568
74.6042	-6.41
74.625	-6.38167
74.6458	-6.40122
74.6667	-6.38484
74.6875	-6.39052
74.7083	-6.38683
74.7292	-6.3829
74.75	-6.38499
74.7708	-6.37896
74.7917	-6.38028
74.8125	-6.3765
74.8333	-6.37529
74.8542	-6.37347
74.875	-6.37112
74.8958	-6.36967
74.9167	-6.3674
74.9375	-6.36567
74.9583	-6.36364
74.9792	-6.36174
75	-6.35976
75.0208	-6.35785
75.0417	-6.35585
75.0625	-6.35391
75.0833	-6.35194
75.1042	-6.34997
75.125	-6.34798
75.1458	-6.34599
75.1667	-6.34404
75.1875	-6.34196
75.2083	-6.34004
75.2292	-6.33804
75.25	-6.33588
75.2708	-6.33408
75.2917	-6.33188
75.3125	-6.32992
75.3333	-6.32788
75.3542	-6.32582
75.375	-6.32377
75.3958	-6.32171
75.4167	-6.31967
75.4375	-6.31757
75.4583	-6.31554
75.4792	-6.31341
75.5	-6.31136
75.5208	-6.30925
75.5417	-6.30714
75.5625	-6.30507
75.5833	-6.30289
75.6042	-6.30091
75.625	-6.29851
75.6458	-6.29683
75.6667	-6.29414
75.6875	-6.29213
75.7083	-6.29172
75.7292	-6.28298
75.75	-6.2968
75.7708	-6.26514
75.7917	-6.30618
75.8125	-6.25689
75.8333	-6.27699
75.8542	-6.30894
75.875	-6.19161
75.8958	-6.39409
75.9167	-6.16403
75.9375	-6.28341
75.9583	-6.27912
75.9792	-6.06608
76	-6.50954
76.0208	-5.80937
76.0417	-7.58946
76.0625	-5.57717
76.0833	-6.28784
76.1042	-5.76984
76.125	-5.50723
76.1458	-6.59269
76.1667	-5.4984
76.1875	-6.1637
76.2083	-6.25372
76.2292	-5.98572
76.25	-6.80611
76.2708	-5.41417
76.2917	-5.38277
76.3125	-4.56653
76.3333	-4.52235
76.3542	-4.42651
76.375	-4.70425
76.3958	-5.23415
76.4167	-5.26495
76.4375	-6.38136
76.4583	-5.98018
76.4792	-5.68893
76.5	-7.0744
76.5208	-5.98699
76.5417	-6.02716
76.5625	-6.60349
76.5833	-5.91692
76.6042	-6.33269
76.625	-6.0763
76.6458	-6.12912
76.6667	-6.23194
76.6875	-6.0748
76.7083	-6.28885
76.7292	-6.08781
76.75	-6.2388
76.7708	-6.13873
76.7917	-6.17367
76.8125	-6.17371
76.8333	-6.14932
76.8542	-6.17225
76.875	-6.14982
76.8958	-6.15876
76.9167	-6.15136
76.9375	-6.14947
76.9583	-6.14759
76.9792	-6.14429
77	-6.14158
77.0208	-6.13942
77.0417	-6.13639
77.0625	-6.13346
77.0833	-6.13139
77.1042	-6.1283
77.125	-6.12541
77.1458	-6.1228
77.1667	-6.12081
77.1875	-6.1168
77.2083	-6.11375
77.2292	-6.11465
77.25	-6.10564
77.2708	-6.10827
77.2917	-6.10346
77.3125	-6.09986
77.3333	-6.09798
77.3542	-6.09527
77.375	-6.09205
77.3958	-6.08884
77.4167	-6.08674
77.4375	-6.0832
77.4583	-6.08079
77.4792	-6.07744
77.5	-6.07476
77.5208	-6.0718
77.5417	-6.06876
77.5625	-6.066
77.5833	-6.06251
77.6042	-6.06063
77.625	-6.0556
77.6458	-6.05548
77.6667	-6.05047
77.6875	-6.04177
77.7083	-6.06809
77.7292	-5.98483
77.75	-6.15898
77.7708	-5.87683
77.7917	-6.13521
77.8125	-5.86758
77.8333	-5.61054
77.8542	-6.33687
77.875	-5.22485
77.8958	-5.85998
77.9167	-5.13836
77.9375	-4.91296
77.9583	-5.01559
77.9792	-4.51262
78	-4.61893
78.0208	-4.05652
78.0417	-3.89623
78.0625	-3.51887
78.0833	-3.408
78.1042	-3.32965
78.125	-3.15482
78.1458	-3.14776
78.1667	-3.23693
78.1875	-3.50062
78.2083	-3.96909
78.2292	-4.50774
78.25	-5.05414
78.2708	-3.67354
78.2917	-2.8132
78.3125	-2.20326
78.3333	-1.92382
78.3542	-1.92932
78.375	-2.20799
78.3958	-2.67636
78.4167	-2.90662
78.4375	-3.22914
78.4583	-3.48494
78.4792	-3.53047
78.5	-3.92019
78.5208	-4.25209
78.5417	-4.21262
78.5625	-4.2968
78.5833	-4.27973
78.6042	-4.37379
78.625	-4.75993
78.6458	-4.58941
78.6667	-5.3241
78.6875	-4.84981
78.7083	-5.97077
78.7292	-5.21725
78.75	-5.74422
78.7708	-5.8423
78.7917	-5.57022
78.8125	-6.23086
78.8333	-5.67
78.8542	-5.9476
78.875	-5.82063
78.8958	-5.82697
78.9167	-5.86666
78.9375	-5.81224
78.9583	-5.8461
78.9792	-5.82271
79	-5.82131
79.0208	-5.82134
79.0417	-5.81663
79.0625	-5.80422
79.0833	-5.81087
79.1042	-5.80329
79.125	-5.79299
79.1458	-5.79092
79.1667	-5.799
79.1875	-5.78031
79.2083	-5.75912
79.2292	-5.81612
79.25	-5.74109
79.2708	-5.76435
79.2917	-5.78039
79.3125	-5.74974
79.3333	-5.74365
79.3542	-5.75335
79.375	-5.74814
79.3958	-5.7333
79.4167	-5.73116
79.4375	-5.73103
79.4583	-5.72426
79.4792	-5.71978
79.5	-5.71204
79.5208	-5.70837
79.5417	-5.70556
79.5625	-5.69897
79.5833	-5.69295
79.6042	-5.6909
79.625	-5.68056
79.6458	-5.67997
79.6667	-5.68036
79.6875	-5.63547
79.7083	-5.75778
79.7292	-5.48063
79.75	-5.99113
79.7708	-5.23153
79.7917	-5.12687
79.8125	-4.89851
79.8333	-4.28653
79.8542	-4.33699
79.875	-3.82189
79.8958	-3.76122
79.9167	-3.5296
79.9375	-3.24004
79.9583	-3.17479
79.9792	-3.00989
80	-3.02995
80.0208	-2.6129
80.0417	-2.17367
80.0625	-1.76007
80.0833	-1.49321
80.1042	-1.36553
80.125	-1.20345
80.1458	-1.08475
80.1667	-1.1829
80.1875	-1.32539
80.2083	-1.50148
80.2292	-1.75439
80.25	-1.82601
80.2708	-1.61863
80.2917	-1.11283
80.3125	-0.429754
80.3333	-0.0175072
80.3542	0.0233574
80.375	-0.307391
80.3958	-0.622638
80.4167	-0.760728
80.4375	-1.17639
80.4583	-1.24802
80.4792	-1.55718
80.5	-1.83605
80.5208	-1.97865
80.5417	-2.20829
80.5625	-2.05105
80.5833	-2.44907
80.6042	-2.56301
80.625	-2.86878
80.6458	-3.13422
80.6667	-3.3316
80.6875	-3.40556
80.7083	-3.61804
80.7292	-3.85234
80.75	-3.96263
80.7708	-4.74658
80.7917	-4.357
80.8125	-5.04908
80.8333	-4.9839
80.8542	-4.95366
80.875	-5.6162
80.8958	-5.05934
80.9167	-5.40842
80.9375	-5.16317
80.9583	-5.28061
80.9792	-5.21144
81	-5.20369
81.0208	-5.22233
81.0417	-5.19569
81.0625	-5.1615
81.0833	-5.19041
81.1042	-5.1748
81.125	-5.12707
81.1458	-5.1323
81.1667	-5.16974
81.1875	-5.10696
81.2083	-5.04017
81.2292	-5.17538
81.25	-5.07307
81.2708	-4.99998
81.2917	-5.09245
81.3125	-5.08178
81.3333	-4.9995
81.3542	-4.99304
81.375	-5.01956
81.3958	-4.99898
81.4167	-4.95763
81.4375	-4.96424
81.4583	-4.94028
81.4792	-4.9329
81.5	-4.91245
81.5208	-4.88697
81.5417	-4.8851
81.5625	-4.86649
81.5833	-4.84123
81.6042	-4.82936
81.625	-4.80351
81.6458	-4.78551
81.6667	-4.77523
81.6875	-4.74971
81.7083	-4.71692
81.7292	-4.73303
81.75	-4.644
81.7708	-4.72944
81.7917	-4.51988
81.8125	-4.85591
81.8333	-4.31141
81.8542	-4.79264
81.875	-4.18937
81.8958	-3.98373
81.9167	-4.45939
81.9375	-3.41785
81.9583	-3.78812
81.9792	-3.34438
82	-3.79182
82.0208	-3.03301
82.0417	-2.47864
82.0625	-1.844
82.0833	-1.41772
82.1042	-1.20349
82.125	-1.0121
82.1458	-0.774308
82.1667	-0.804889
82.1875	-0.713639
82.2083	-0.911492
82.2292	-0.911917
82.25	-0.808897
82.2708	-0.57085
82.2917	0.0216497
82.3125	0.310447
82.3333	0.779178
82.3542	0.857612
82.375	0.501958
82.3958	0.415447
82.4167	0.00117674
82.4375	-0.406559
82.4583	-0.418923
82.4792	-1.20797
82.5	-0.852703
82.5208	-1.15349
82.5417	-1.14093
82.5625	-0.948307
82.5833	-1.2807
82.6042	-1.15795
82.625	-1.63493
82.6458	-1.65877
82.6667	-2.28935
82.6875	-2.18111
82.7083	-3.53825
82.7292	-2.69277
82.75	-3.24035
82.7708	-3.41337
82.7917	-3.20106
82.8125	-3.83781
82.8333	-3.50394
82.8542	-3.74919
82.875	-3.82229
82.8958	-3.83285
82.9167	-3.9696
82.9375	-4.00041
82.9583	-4.0503
82.9792	-4.12748
83	-4.17813
83.0208	-4.20017
83.0417	-4.27648
83.0625	-4.32508
83.0833	-4.33511
83.1042	-4.39472
83.125	-4.45522
83.1458	-4.46102
83.1667	-4.51451
83.1875	-4.54361
83.2083	-4.53685
83.2292	-4.7285
83.25	-4.57404
83.2708	-4.53245
83.2917	-4.88529
83.3125	-4.82107
83.3333	-4.5194
83.3542	-4.62692
83.375	-5.12957
83.3958	-5.0201
83.4167	-4.57989
83.4375	-4.51831
83.4583	-4.81885
83.4792	-5.74852
83.5	-5.0049
83.5208	-4.48866
83.5417	-4.28934
83.5625	-4.27857
83.5833	-4.39189
83.6042	-4.58205
83.625	-4.81109
83.6458	-5.06824
83.6667	-5.24683
83.6875	-5.38551
83.7083	-5.2529
83.7292	-5.53085
83.75	-5.21878
83.7708	-5.1036
83.7917	-5.212
83.8125	-4.26371
83.8333	-4.30926
83.8542	-3.71316
83.875	-3.58396
83.8958	-3.47656
83.9167	-3.22685
83.9375	-3.15154
83.9583	-2.96878
83.9792	-2.80533
84	-2.92809
84.0208	-3.37689
84.0417	-3.10513
84.0625	-2.29117
84.0833	-1.82788
84.1042	-1.59369
84.125	-1.26771
84.1458	-1.23634
84.1667	-1.31906
84.1875	-0.953205
84.2083	-0.523082
84.2292	-0.294784
84.25	0.293517
84.2708	0.788502
84.2917	1.34523
84.3125	2.42067
84.3333	3.16484
84.3542	2.35641
84.375	1.53934
84.3958	1.06754
84.4167	0.68763
84.4375	0.187172
84.4583	0.0786479
84.4792	-0.245422
84.5	-0.39206
84.5208	-0.410852
84.5417	-0.662413
84.5625	-0.694695
84.5833	-0.95524
84.6042	-1.19082
84.625	-1.55758
84.6458	-2.14088
84.6667	-2.56107
84.6875	-2.90374
84.7083	-2.8913
84.7292	-3.01105
84.75	-3.28179
84.7708	-3.39775
84.7917	-3.79818
84.8125	-3.90291
84.8333	-4.27678
84.8542	-4.73391
84.875	-4.81697
84.8958	-6.55835
84.9167	-5.35931
84.9375	-6.23116
84.9583	-5.77465
84.9792	-5.9398
85	-5.9557
85.0208	-5.93004
85.0417	-5.97581
85.0625	-5.97104
85.0833	-5.98606
85.1042	-5.99938
85.125	-5.98224
85.1458	-6.04846
85.1667	-6.02404
85.1875	-5.97815
85.2083	-6.11099
85.2292	-5.96949
85.25	-6.05768
85.2708	-6.05433
85.2917	-6.03614
85.3125	-6.04357
5.1458	0.790924
85.1667	1.42617
85.1875	1.62248
85.2083	0.971675
85.2292	1.95387
85.25	2.30168
85.2708	0.527831
85.2917	3.05506
85.3125	3.66806
