0	-inf
0.0208333	-10.3578
0.0416667	-9.61122
0.0625	-9.94983
0.0833333	-8.2302
0.104167	-8.18228
0.125	-8.18982
0.145833	-7.85888
0.166667	-8.87234
0.1875	-7.80539
0.208333	-7.65377
0.229167	-7.79364
0.25	-7.34537
0.270833	-7.23004
0.291667	-7.11598
0.3125	-6.81451
0.333333	-6.83313
0.354167	-6.42587
0.375	-6.49397
0.395833	-6.00841
0.416667	-5.69926
0.4375	-5.72578
0.458333	-4.78704
0.479167	-5.03634
0.5	-4.09214
0.520833	-4.07376
0.541667	-3.69499
0.5625	-3.36719
0.583333	-3.40539
0.604167	-2.88533
0.625	-3.0134
0.645833	-2.78429
0.666667	-2.65518
0.6875	-2.10187
0.708333	-1.55139
0.729167	-1.23648
0.75	-0.849639
0.770833	-0.819981
0.791667	-0.504394
0.8125	-0.404543
0.833333	-0.424229
0.854167	0.130271
0.875	-0.524322
0.895833	0.666325
0.916667	0.737717
0.9375	1.16829
0.958333	1.84259
0.979167	1.74385
1	2.15506
1.02083	2.05854
1.04167	1.27756
1.0625	1.17822
1.08333	0.921239
1.10417	-0.730612
1.125	0.293298
1.14583	-0.441475
1.16667	-1.15132
1.1875	-0.60214
1.20833	-1.29359
1.22917	-1.73068
1.25	-1.50527
1.27083	-2.72228
1.29167	-3.55348
1.3125	-3.0213
1.33333	-2.60347
1.35417	-3.09597
1.375	-3.0145
1.39583	-2.82661
1.41667	-3.83775
1.4375	-3.23369
1.45833	-3.33833
1.47917	-4.34885
1.5	-3.57454
1.52083	-4.90126
1.54167	-4.14851
1.5625	-4.46127
1.58333	-4.59647
1.60417	-4.5525
1.625	-4.70532
1.64583	-4.70069
1.66667	-4.77154
1.6875	-4.83218
1.70833	-5.00332
1.72917	-5.36908
1.75	-5.87131
1.77083	-5.33187
1.79167	-4.836
1.8125	-4.6748
1.83333	-4.68916
1.85417	-4.86619
1.875	-5.57527
1.89583	-5.78294
1.91667	-5.15304
1.9375	-5.061
1.95833	-5.34591
1.97917	-6.88978
2	-5.42652
2.02083	-5.28249
2.04167	-5.92212
2.0625	-6.17982
2.08333	-5.46739
2.10417	-6.41678
2.125	-6.07194
2.14583	-6.03367
2.16667	-5.88993
2.1875	-5.69675
2.20833	-5.74951
2.22917	-5.52018
2.25	-5.3112
2.27083	-5.30641
2.29167	-5.17959
2.3125	-4.97848
2.33333	-4.93513
2.35417	-4.82645
2.375	-4.66647
2.39583	-4.57096
2.41667	-4.52004
2.4375	-4.27519
2.45833	-4.26482
2.47917	-4.13199
2.5	-3.79178
2.52083	-4.31319
2.54167	-3.39152
2.5625	-3.6697
2.58333	-3.37671
2.60417	-2.7822
2.625	-3.74014
2.64583	-2.19349
2.66667	-2.30918
2.6875	-1.63612
2.70833	-1.54301
2.72917	-1.11648
2.75	-1.10422
2.77083	-0.844795
2.79167	-1.07739
2.8125	-0.799609
2.83333	-1.60066
2.85417	-0.483145
2.875	-0.996844
2.89583	0.169279
2.91667	0.202351
2.9375	0.482536
2.95833	1.18178
2.97917	-0.458574
3	1.99073
3.02083	1.74127
3.04167	0.968303
3.0625	0.505726
3.08333	0.461346
3.10417	-0.373505
3.125	-0.0654685
3.14583	-0.760547
3.16667	-0.629525
3.1875	-0.612369
3.20833	-1.2009
3.22917	-0.94224
3.25	-1.60336
3.27083	-1.58976
3.29167	-2.882
3.3125	-2.61044
3.33333	-3.21632
3.35417	-3.1323
3.375	-3.56904
3.39583	-3.16404
3.41667	-4.91582
3.4375	-3.57448
3.45833	-3.82484
3.47917	-4.00763
3.5	-3.78496
3.52083	-4.01972
3.54167	-3.86855
3.5625	-3.96182
3.58333	-3.92124
3.60417	-3.95544
3.625	-3.94641
3.64583	-3.95624
3.66667	-3.96337
3.6875	-3.96378
3.70833	-3.968
3.72917	-3.9744
3.75	-3.97601
3.77083	-3.98125
3.79167	-3.98474
3.8125	-3.98152
3.83333	-3.98712
3.85417	-3.9927
3.875	-3.98526
3.89583	-4.00058
3.91667	-3.98274
3.9375	-4.00825
3.95833	-4.00034
3.97917	-3.99229
4	-3.97886
4.02083	-4.01958
4.04167	-4.00748
4.0625	-3.98541
4.08333	-3.99913
4.10417	-4.02378
4.125	-3.97982
4.14583	-4.00134
4.16667	-4.01224
4.1875	-3.99771
4.20833	-3.99597
4.22917	-4.00447
4.25	-4.0037
4.27083	-3.99435
4.29167	-3.99982
4.3125	-4.00226
4.33333	-3.99507
4.35417	-3.99481
4.375	-4.00529
4.39583	-3.9788
4.41667	-4.02544
4.4375	-3.94341
4.45833	-4.07451
4.47917	-3.91009
4.5	-4.01127
4.52083	-4.05158
4.54167	-3.709
4.5625	-4.82761
4.58333	-3.4756
4.60417	-3.78893
4.625	-3.40461
4.64583	-3.22224
4.66667	-3.29466
4.6875	-3.10927
4.70833	-2.81021
4.72917	-2.69702
4.75	-2.29684
4.77083	-2.29319
4.79167	-1.80713
4.8125	-3.72261
4.83333	-1.20164
4.85417	-1.88464
4.875	-0.60257
4.89583	-0.81241
4.91667	-0.0632354
4.9375	0.157343
4.95833	0.641208
4.97917	0.996333
5	1.72409
5.02083	1.58039
5.04167	0.877719
5.0625	0.187606
5.08333	0.104697
5.10417	-0.785942
5.125	-0.463683
5.14583	-2.40644
5.16667	-0.826313
5.1875	-1.29075
5.20833	-1.05182
5.22917	-1.44533
5.25	-1.45282
5.27083	-1.76186
5.29167	-2.21272
5.3125	-2.54728
5.33333	-3.10824
5.35417	-2.88972
5.375	-3.49672
5.39583	-3.00978
5.41667	-3.54748
5.4375	-3.68451
5.45833	-3.3533
5.47917	-5.00845
5.5	-3.5635
5.52083	-4.0204
5.54167	-3.86853
5.5625	-3.85988
5.58333	-3.93692
5.60417	-3.87157
5.625	-3.90615
5.64583	-3.887
5.66667	-3.89083
5.6875	-3.8874
5.70833	-3.88487
5.72917	-3.88311
5.75	-3.88069
5.77083	-3.87837
5.79167	-3.87651
5.8125	-3.87435
5.83333	-3.87105
5.85417	-3.87143
5.875	-3.86518
5.89583	-3.86848
5.91667	-3.85939
5.9375	-3.86382
5.95833	-3.85982
5.97917	-3.86005
6	-3.84569
6.02083	-3.85614
6.04167	-3.8523
6.0625	-3.84999
6.08333	-3.83987
6.10417	-3.84968
6.125	-3.83745
6.14583	-3.83994
6.16667	-3.83803
6.1875	-3.83481
6.20833	-3.83249
6.22917	-3.83078
6.25	-3.82896
6.27083	-3.82564
6.29167	-3.82431
6.3125	-3.82204
6.33333	-3.8194
6.35417	-3.81691
6.375	-3.81658
6.39583	-3.81063
6.41667	-3.81364
6.4375	-3.80628
6.45833	-3.80437
6.47917	-3.8106
6.5	-3.78192
6.52083	-3.82734
6.54167	-3.76791
6.5625	-3.8257
6.58333	-3.82475
6.60417	-3.75274
6.625	-3.9486
6.64583	-3.60938
6.66667	-3.89939
6.6875	-3.41212
6.70833	-3.78833
6.72917	-3.31965
6.75	-4.29183
6.77083	-3.6407
6.79167	-3.55697
6.8125	-2.67982
6.83333	-2.29234
6.85417	-1.72801
6.875	-1.44913
6.89583	-1.01022
6.91667	-0.640516
6.9375	-0.122013
6.95833	0.312699
6.97917	1.02532
7	1.35992
7.02083	1.27321
7.04167	0.785131
7.0625	-0.0894957
7.08333	-0.391632
7.10417	-0.876993
7.125	-1.36784
7.14583	-1.83032
7.16667	-1.97343
7.1875	-2.7511
7.20833	-2.29859
7.22917	-3.35322
7.25	-2.91505
7.27083	-3.39514
7.29167	-4.38002
7.3125	-3.48431
7.33333	-4.24682
7.35417	-3.47685
7.375	-3.84383
7.39583	-3.58471
7.41667	-3.65584
7.4375	-3.77593
7.45833	-3.61901
7.47917	-3.76874
7.5	-3.67508
7.52083	-3.70101
7.54167	-3.70521
7.5625	-3.68349
7.58333	-3.69859
7.60417	-3.68535
7.625	-3.68879
7.64583	-3.68469
7.66667	-3.68303
7.6875	-3.68099
7.70833	-3.67872
7.72917	-3.67674
7.75	-3.67465
7.77083	-3.67267
7.79167	-3.67059
7.8125	-3.6689
7.83333	-3.66645
7.85417	-3.66524
7.875	-3.66201
7.89583	-3.66117
7.91667	-3.6574
7.9375	-3.65691
7.95833	-3.65507
7.97917	-3.65404
8	-3.64612
8.02083	-3.65081
8.04167	-3.64673
8.0625	-3.6449
8.08333	-3.6411
8.10417	-3.64116
8.125	-3.63796
8.14583	-3.63685
8.16667	-3.63435
8.1875	-3.63247
8.20833	-3.63033
8.22917	-3.62839
8.25	-3.62649
8.27083	-3.62453
8.29167	-3.62264
8.3125	-3.62072
8.33333	-3.61871
8.35417	-3.61671
8.375	-3.6147
8.39583	-3.61265
8.41667	-3.61069
8.4375	-3.6091
8.45833	-3.60675
8.47917	-3.6059
8.5	-3.60223
8.52083	-3.60032
8.54167	-3.59642
8.5625	-3.59086
8.58333	-3.595
8.60417	-3.59094
8.625	-3.61426
8.64583	-3.61747
8.66667	-3.63125
8.6875	-3.58654
8.70833	-3.50092
8.72917	-3.39737
8.75	-3.33366
8.77083	-3.39619
8.79167	-3.75355
8.8125	-4.03475
8.83333	-2.9829
8.85417	-2.26461
8.875	-1.79841
8.89583	-1.3865
8.91667	-0.948032
8.9375	-0.527436
8.95833	0.209044
8.97917	0.779068
9	1.01325
9.02083	0.936287
9.04167	0.543057
9.0625	-0.238275
9.08333	-0.917421
9.10417	-1.24475
9.125	-1.91555
9.14583	-2.15099
9.16667	-2.37995
9.1875	-2.66657
9.20833	-2.99864
9.22917	-3.52392
9.25	-4.04039
9.27083	-3.72031
9.29167	-3.62567
9.3125	-3.47171
9.33333	-3.48676
9.35417	-3.47867
9.375	-3.51162
9.39583	-3.52306
9.41667	-3.52288
9.4375	-3.5296
9.45833	-3.51649
9.47917	-3.51778
9.5	-3.51265
9.52083	-3.51002
9.54167	-3.50997
9.5625	-3.50685
9.58333	-3.50633
9.60417	-3.50394
9.625	-3.50235
9.64583	-3.50042
9.66667	-3.4986
9.6875	-3.49685
9.70833	-3.49511
9.72917	-3.4934
9.75	-3.49166
9.77083	-3.48993
9.79167	-3.48807
9.8125	-3.48638
9.83333	-3.48447
9.85417	-3.48288
9.875	-3.481
9.89583	-3.47922
9.91667	-3.47734
9.9375	-3.47535
9.95833	-3.47466
9.97917	-3.47312
10	-3.4683
10.0208	-3.4701
10.0417	-3.46735
10.0625	-3.46496
10.0833	-3.46327
10.1042	-3.46195
10.125	-3.46012
10.1458	-3.45854
10.1667	-3.45664
10.1875	-3.45498
10.2083	-3.45319
10.2292	-3.45149
10.25	-3.44975
10.2708	-3.44803
10.2917	-3.44633
10.3125	-3.44465
10.3333	-3.44299
10.3542	-3.44134
10.375	-3.43966
10.3958	-3.43794
10.4167	-3.43616
10.4375	-3.43439
10.4583	-3.43268
10.4792	-3.43113
10.5	-3.4298
10.5208	-3.42836
10.5417	-3.42675
10.5625	-3.42386
10.5833	-3.4201
10.6042	-3.41594
10.625	-3.41383
10.6458	-3.41928
10.6667	-3.43208
10.6875	-3.451
10.7083	-3.44541
10.7292	-3.39648
10.75	-3.28622
10.7708	-3.21592
10.7917	-3.21735
10.8125	-3.55923
10.8333	-4.75577
10.8542	-2.93284
10.875	-2.23277
10.8958	-1.66775
10.9167	-1.3383
10.9375	-0.757702
10.9583	-0.0202912
10.9792	0.463937
11	0.64465
11.0208	0.563693
11.0417	0.233369
11.0625	-0.436299
11.0833	-1.36426
11.1042	-1.76248
11.125	-2.15437
11.1458	-2.42917
11.1667	-2.59169
11.1875	-3.03461
11.2083	-3.51012
11.2292	-3.6836
11.25	-3.50689
11.2708	-3.3472
11.2917	-3.32011
11.3125	-3.32238
11.3333	-3.34902
11.3542	-3.36395
11.375	-3.36918
11.3958	-3.36571
11.4167	-3.36039
11.4375	-3.35622
11.4583	-3.35346
11.4792	-3.35209
11.5	-3.35096
11.5208	-3.34977
11.5417	-3.34838
11.5625	-3.34674
11.5833	-3.3451
11.6042	-3.34344
11.625	-3.34186
11.6458	-3.34034
11.6667	-3.33883
11.6875	-3.33733
11.7083	-3.3358
11.7292	-3.33425
11.75	-3.33267
11.7708	-3.3311
11.7917	-3.3295
11.8125	-3.32795
11.8333	-3.32641
11.8542	-3.32488
11.875	-3.32351
11.8958	-3.32176
11.9167	-3.32048
11.9375	-3.31829
11.9583	-3.31774
11.9792	-3.3161
12	-3.3131
12.0208	-3.31335
12.0417	-3.3114
12.0625	-3.30923
12.0833	-3.30816
12.1042	-3.30661
12.125	-3.30516
12.1458	-3.30357
12.1667	-3.30204
12.1875	-3.30056
12.2083	-3.29907
12.2292	-3.2976
12.25	-3.29608
12.2708	-3.29456
12.2917	-3.29303
12.3125	-3.29151
12.3333	-3.29001
12.3542	-3.28854
12.375	-3.2871
12.3958	-3.28566
12.4167	-3.28419
12.4375	-3.28268
12.4583	-3.28112
12.4792	-3.27953
12.5	-3.27802
12.5208	-3.27669
12.5417	-3.27558
12.5625	-3.27459
12.5833	-3.27294
12.6042	-3.27046
12.625	-3.26609
12.6458	-3.26265
12.6667	-3.26194
12.6875	-3.2717
12.7083	-3.28612
12.7292	-3.2987
12.75	-3.25906
12.7708	-3.18082
12.7917	-3.09388
12.8125	-3.12911
12.8333	-3.50433
12.8542	-4.51547
12.875	-2.71009
12.8958	-2.00598
12.9167	-1.61647
12.9375	-0.970859
12.9583	-0.323878
12.9792	0.108832
13	0.248978
13.0208	0.162051
13.0417	-0.111801
13.0625	-0.700789
13.0833	-1.70119
13.1042	-2.31716
13.125	-2.31738
13.1458	-2.57878
13.1667	-2.87055
13.1875	-3.37071
13.2083	-3.46883
13.2292	-3.30171
13.25	-3.20416
13.2708	-3.17793
13.2917	-3.19892
13.3125	-3.2172
13.3333	-3.22791
13.3542	-3.22597
13.375	-3.22103
13.3958	-3.21624
13.4167	-3.21373
13.4375	-3.21242
13.4583	-3.21168
13.4792	-3.21073
13.5	-3.20947
13.5208	-3.20801
13.5417	-3.20649
13.5625	-3.20501
13.5833	-3.20361
13.6042	-3.20226
13.625	-3.20093
13.6458	-3.19958
13.6667	-3.19821
13.6875	-3.19682
13.7083	-3.19541
13.7292	-3.194
13.75	-3.1926
13.7708	-3.19123
13.7917	-3.18987
13.8125	-3.1885
13.8333	-3.18715
13.8542	-3.18574
13.875	-3.18452
13.8958	-3.18297
13.9167	-3.18186
13.9375	-3.17991
13.9583	-3.17926
13.9792	-3.17771
14	-3.17574
14.0208	-3.17519
14.0417	-3.17367
14.0625	-3.17186
14.0833	-3.17094
14.1042	-3.16946
14.125	-3.16816
14.1458	-3.16672
14.1667	-3.16539
14.1875	-3.16405
14.2083	-3.16272
14.2292	-3.1614
14.25	-3.16006
14.2708	-3.15873
14.2917	-3.15739
14.3125	-3.15603
14.3333	-3.15468
14.3542	-3.15332
14.375	-3.15199
14.3958	-3.15067
14.4167	-3.14938
14.4375	-3.1481
14.4583	-3.14679
14.4792	-3.14543
14.5	-3.14401
14.5208	-3.14259
14.5417	-3.14124
14.5625	-3.14019
14.5833	-3.13926
14.6042	-3.13837
14.625	-3.13651
14.6458	-3.13345
14.6667	-3.12919
14.6875	-3.12788
14.7083	-3.13242
14.7292	-3.14771
14.75	-3.15536
14.7708	-3.12831
14.7917	-3.05541
14.8125	-2.98842
14.8333	-3.09092
14.8542	-3.57226
14.875	-3.35539
14.8958	-2.38106
14.9167	-1.79473
14.9375	-1.22027
14.9583	-0.684576
14.9792	-0.271753
15	-0.168679
15.0208	-0.265633
15.0417	-0.477272
15.0625	-1.01861
15.0833	-2.01944
15.1042	-2.56839
15.125	-2.45453
15.1458	-2.72632
15.1667	-3.10313
15.1875	-3.30849
15.2083	-3.16812
15.2292	-3.08132
15.25	-3.06154
15.2708	-3.07752
15.2917	-3.0954
15.3125	-3.10012
15.3333	-3.09736
15.3542	-3.09213
15.375	-3.08884
15.3958	-3.08726
15.4167	-3.08661
15.4375	-3.08588
15.4583	-3.08487
15.4792	-3.08355
15.5	-3.08215
15.5208	-3.08078
15.5417	-3.0795
15.5625	-3.07828
15.5833	-3.07708
15.6042	-3.07586
15.625	-3.07462
15.6458	-3.07336
15.6667	-3.07208
15.6875	-3.0708
15.7083	-3.06954
15.7292	-3.06829
15.75	-3.06706
15.7708	-3.06584
15.7917	-3.06461
15.8125	-3.06336
15.8333	-3.06212
15.8542	-3.06083
15.875	-3.05967
15.8958	-3.05833
15.9167	-3.05728
15.9375	-3.05566
15.9583	-3.05488
15.9792	-3.05348
16	-3.05205
16.0208	-3.05111
16.0417	-3.04983
16.0625	-3.04833
16.0833	-3.04741
16.1042	-3.04607
16.125	-3.04488
16.1458	-3.04361
16.1667	-3.04241
16.1875	-3.04118
16.2083	-3.03996
16.2292	-3.03873
16.25	-3.03751
16.2708	-3.03631
16.2917	-3.03511
16.3125	-3.0339
16.3333	-3.03268
16.3542	-3.03145
16.375	-3.03022
16.3958	-3.029
16.4167	-3.02779
16.4375	-3.0266
16.4583	-3.02543
16.4792	-3.02426
16.5	-3.02305
16.5208	-3.02179
16.5417	-3.02048
16.5625	-3.01922
16.5833	-3.0181
16.6042	-3.01726
16.625	-3.0165
16.6458	-3.0152
16.6667	-3.01263
16.6875	-3.00905
16.7083	-3.00698
16.7292	-3.01129
16.75	-3.02364
16.7708	-3.02741
16.7917	-2.99987
16.8125	-2.9269
16.8333	-2.91758
16.8542	-3.08515
16.875	-3.62774
16.8958	-2.76005
16.9167	-1.95349
16.9375	-1.50146
16.9583	-1.09919
16.9792	-0.665767
17	-0.604424
17.0208	-0.720797
17.0417	-0.850163
17.0625	-1.38136
17.0833	-2.37453
17.1042	-2.52889
17.125	-2.56586
17.1458	-2.85766
17.1667	-3.11438
17.1875	-3.07533
17.2083	-2.97626
17.2292	-2.95434
17.25	-2.96413
17.2708	-2.97969
17.2917	-2.98371
17.3125	-2.98042
17.3333	-2.97611
17.3542	-2.97347
17.375	-2.97245
17.3958	-2.9719
17.4167	-2.97115
17.4375	-2.97006
17.4583	-2.96879
17.4792	-2.9675
17.5	-2.96629
17.5208	-2.96515
17.5417	-2.96405
17.5625	-2.96293
17.5833	-2.96179
17.6042	-2.96063
17.625	-2.95946
17.6458	-2.95829
17.6667	-2.95713
17.6875	-2.95598
17.7083	-2.95485
17.7292	-2.95371
17.75	-2.95258
17.7708	-2.95144
17.7917	-2.95029
17.8125	-2.94914
17.8333	-2.94799
17.8542	-2.94683
17.875	-2.94573
17.8958	-2.94455
17.9167	-2.94353
17.9375	-2.94217
17.9583	-2.94127
17.9792	-2.94
18	-2.93887
18.0208	-2.93779
18.0417	-2.93667
18.0625	-2.93539
18.0833	-2.93444
18.1042	-2.93322
18.125	-2.93211
18.1458	-2.93097
18.1667	-2.92986
18.1875	-2.92874
18.2083	-2.92761
18.2292	-2.92648
18.25	-2.92535
18.2708	-2.92422
18.2917	-2.92311
18.3125	-2.92199
18.3333	-2.92088
18.3542	-2.91977
18.375	-2.91864
18.3958	-2.91751
18.4167	-2.91638
18.4375	-2.91525
18.4583	-2.91415
18.4792	-2.91306
18.5	-2.91198
18.5208	-2.91088
18.5417	-2.90974
18.5625	-2.90854
18.5833	-2.90735
18.6042	-2.90627
18.625	-2.90545
18.6458	-2.90471
18.6667	-2.90365
18.6875	-2.90135
18.7083	-2.89832
18.7292	-2.89648
18.75	-2.90185
18.7708	-2.91035
18.7917	-2.91086
18.8125	-2.86888
18.8333	-2.82369
18.8542	-2.87163
18.875	-3.1808
18.8958	-3.05222
18.9167	-2.11723
18.9375	-1.78998
18.9583	-1.58012
18.9792	-1.06001
19	-1.05471
19.0208	-1.20985
19.0417	-1.21528
19.0625	-1.78608
19.0833	-2.72133
19.1042	-2.48233
19.125	-2.64719
19.1458	-2.89888
19.1667	-2.97264
19.1875	-2.89547
19.2083	-2.85315
19.2292	-2.85873
19.25	-2.87061
19.2708	-2.87602
19.2917	-2.87319
19.3125	-2.86947
19.3333	-2.86718
19.3542	-2.86632
19.375	-2.86579
19.3958	-2.86501
19.4167	-2.86392
19.4375	-2.86272
19.4583	-2.86155
19.4792	-2.86045
19.5	-2.85941
19.5208	-2.85838
19.5417	-2.85733
19.5625	-2.85625
19.5833	-2.85517
19.6042	-2.85407
19.625	-2.85299
19.6458	-2.85192
19.6667	-2.85085
19.6875	-2.8498
19.7083	-2.84874
19.7292	-2.84768
19.75	-2.8466
19.7708	-2.84553
19.7917	-2.84446
19.8125	-2.84339
19.8333	-2.84233
19.8542	-2.84126
19.875	-2.84022
19.8958	-2.83914
19.9167	-2.83814
19.9375	-2.83696
19.9583	-2.83602
19.9792	-2.83486
20	-2.83388
20.0208	-2.83278
20.0417	-2.83176
20.0625	-2.83064
20.0833	-2.82967
20.1042	-2.82856
20.125	-2.82751
20.1458	-2.82645
20.1667	-2.82541
20.1875	-2.82436
20.2083	-2.82331
20.2292	-2.82226
20.25	-2.82121
20.2708	-2.82015
20.2917	-2.81911
20.3125	-2.81805
20.3333	-2.81701
20.3542	-2.81598
20.375	-2.81493
20.3958	-2.81389
20.4167	-2.81284
20.4375	-2.81177
20.4583	-2.81072
20.4792	-2.80968
20.5	-2.80866
20.5208	-2.80764
20.5417	-2.80662
20.5625	-2.80557
20.5833	-2.80446
20.6042	-2.80334
20.625	-2.80233
20.6458	-2.8015
20.6667	-2.80084
20.6875	-2.79969
20.7083	-2.79772
20.7292	-2.79471
20.75	-2.79479
20.7708	-2.79937
20.7917	-2.80721
20.8125	-2.79325
20.8333	-2.75186
20.8542	-2.7477
20.875	-2.89012
20.8958	-3.08761
20.9167	-2.27072
20.9375	-2.04837
20.9583	-2.17307
20.9792	-1.43628
21	-1.51179
21.0208	-1.74456
21.0417	-1.55288
21.0625	-2.22476
21.0833	-2.87122
21.1042	-2.4674
21.125	-2.68455
21.1458	-2.83784
21.1667	-2.82059
21.1875	-2.76754
21.2083	-2.75795
21.2292	-2.76877
21.25	-2.77438
21.2708	-2.7735
21.2917	-2.76994
21.3125	-2.76785
21.3333	-2.76693
21.3542	-2.76641
21.375	-2.76563
21.3958	-2.76459
21.4167	-2.76346
21.4375	-2.76238
21.4583	-2.76136
21.4792	-2.76038
21.5	-2.7594
21.5208	-2.7584
21.5417	-2.75739
21.5625	-2.75636
21.5833	-2.75533
21.6042	-2.75432
21.625	-2.75331
21.6458	-2.75231
21.6667	-2.75131
21.6875	-2.75031
21.7083	-2.7493
21.7292	-2.74829
21.75	-2.74728
21.7708	-2.74627
21.7917	-2.74527
21.8125	-2.74427
21.8333	-2.74327
21.8542	-2.74227
21.875	-2.74126
21.8958	-2.74026
21.9167	-2.73928
21.9375	-2.73823
21.9583	-2.73729
21.9792	-2.73622
22	-2.73531
22.0208	-2.73424
22.0417	-2.73327
22.0625	-2.73225
22.0833	-2.7313
22.1042	-2.73027
22.125	-2.72928
22.1458	-2.72828
22.1667	-2.72729
22.1875	-2.7263
22.2083	-2.7253
22.2292	-2.72432
22.25	-2.72332
22.2708	-2.72233
22.2917	-2.72134
22.3125	-2.72034
22.3333	-2.71935
22.3542	-2.71837
22.375	-2.71737
22.3958	-2.7164
22.4167	-2.71541
22.4375	-2.71441
22.4583	-2.71342
22.4792	-2.71242
22.5	-2.71144
22.5208	-2.71046
22.5417	-2.7095
22.5625	-2.70853
22.5833	-2.70754
22.6042	-2.7065
22.625	-2.70545
22.6458	-2.70448
22.6667	-2.70373
22.6875	-2.70298
22.7083	-2.7019
22.7292	-2.69966
22.75	-2.6978
22.7708	-2.69853
22.7917	-2.70456
22.8125	-2.70462
22.8333	-2.67921
22.8542	-2.65784
22.875	-2.71343
22.8958	-2.93067
22.9167	-2.38629
22.9375	-2.2357
22.9583	-3.04064
22.9792	-1.76849
23	-1.94848
23.0208	-2.3221
23.0417	-1.83957
23.0625	-2.62882
23.0833	-2.78266
23.1042	-2.46274
23.125	-2.66901
23.1458	-2.73052
23.1667	-2.69407
23.1875	-2.66734
23.2083	-2.67099
23.2292	-2.67832
23.25	-2.67881
23.2708	-2.67621
23.2917	-2.67387
23.3125	-2.6729
23.3333	-2.67231
23.3542	-2.67158
23.375	-2.6706
23.3958	-2.66954
23.4167	-2.66852
23.4375	-2.66756
23.4583	-2.66662
23.4792	-2.66568
23.5	-2.66473
23.5208	-2.66376
23.5417	-2.66278
23.5625	-2.66181
23.5833	-2.66085
23.6042	-2.65989
23.625	-2.65894
23.6458	-2.65799
23.6667	-2.65703
23.6875	-2.65607
23.7083	-2.6551
23.7292	-2.65414
23.75	-2.65318
23.7708	-2.65223
23.7917	-2.65128
23.8125	-2.65032
23.8333	-2.64937
23.8542	-2.64841
23.875	-2.64745
23.8958	-2.64649
23.9167	-2.64555
23.9375	-2.64458
23.9583	-2.64365
23.9792	-2.64265
24	-2.64178
24.0208	-2.64075
24.0417	-2.63983
24.0625	-2.63888
24.0833	-2.63794
24.1042	-2.63697
24.125	-2.63603
24.1458	-2.63508
24.1667	-2.63413
24.1875	-2.63318
24.2083	-2.63223
24.2292	-2.63129
24.25	-2.63034
24.2708	-2.62939
24.2917	-2.62846
24.3125	-2.62749
24.3333	-2.62655
24.3542	-2.62562
24.375	-2.62465
24.3958	-2.62373
24.4167	-2.62279
24.4375	-2.62184
24.4583	-2.6209
24.4792	-2.61995
24.5	-2.619
24.5208	-2.61805
24.5417	-2.61712
24.5625	-2.6162
24.5833	-2.61527
24.6042	-2.61432
24.625	-2.61333
24.6458	-2.61234
24.6667	-2.61145
24.6875	-2.6107
24.7083	-2.60997
24.7292	-2.6086
24.75	-2.60665
24.7708	-2.60548
24.7917	-2.60809
24.8125	-2.61213
24.8333	-2.60046
24.8542	-2.57911
24.875	-2.5917
24.8958	-2.75225
24.9167	-2.44336
24.9375	-2.33392
24.9583	-3.77876
24.9792	-2.02554
25	-2.287
25.0208	-2.75654
25.0417	-2.05437
25.0625	-2.78859
25.0833	-2.64017
25.1042	-2.45002
25.125	-2.61055
25.1458	-2.61885
25.1667	-2.58911
25.1875	-2.57926
25.2083	-2.58542
25.2292	-2.58825
25.25	-2.58656
25.2708	-2.58431
25.2917	-2.58303
25.3125	-2.58241
25.3333	-2.58172
25.3542	-2.58081
25.375	-2.57981
25.3958	-2.57883
25.4167	-2.5779
25.4375	-2.577
25.4583	-2.57609
25.4792	-2.57517
25.5	-2.57424
25.5208	-2.57331
25.5417	-2.57238
25.5625	-2.57145
25.5833	-2.57054
25.6042	-2.56962
25.625	-2.5687
25.6458	-2.56778
25.6667	-2.56686
25.6875	-2.56593
25.7083	-2.56501
25.7292	-2.56409
25.75	-2.56317
25.7708	-2.56226
25.7917	-2.56134
25.8125	-2.56042
25.8333	-2.5595
25.8542	-2.55858
25.875	-2.55766
25.8958	-2.55674
25.9167	-2.55583
25.9375	-2.55491
25.9583	-2.554
25.9792	-2.55305
26	-2.5522
26.0208	-2.55122
26.0417	-2.55033
26.0625	-2.54942
26.0833	-2.5485
26.1042	-2.54758
26.125	-2.54667
26.1458	-2.54576
26.1667	-2.54485
26.1875	-2.54393
26.2083	-2.54301
26.2292	-2.54212
26.25	-2.54119
26.2708	-2.54027
26.2917	-2.5394
26.3125	-2.53845
26.3333	-2.53755
26.3542	-2.53666
26.375	-2.53571
26.3958	-2.53482
26.4167	-2.53392
26.4375	-2.533
26.4583	-2.5321
26.4792	-2.53119
26.5	-2.53027
26.5208	-2.52936
26.5417	-2.52845
26.5625	-2.52755
26.5833	-2.52666
26.6042	-2.52576
26.625	-2.52484
26.6458	-2.52389
26.6667	-2.52296
26.6875	-2.52212
26.7083	-2.52141
26.7292	-2.52052
26.75	-2.51904
26.7708	-2.5174
26.7917	-2.51759
26.8125	-2.52115
26.8333	-2.51746
26.8542	-2.50212
26.875	-2.49609
26.8958	-2.60104
26.9167	-2.44249
26.9375	-2.35916
26.9583	-2.98552
26.9792	-2.18626
27	-2.4329
27.0208	-2.72453
27.0417	-2.18774
27.0625	-2.68837
27.0833	-2.51726
27.1042	-2.42056
27.125	-2.52889
27.1458	-2.51581
27.1667	-2.49717
27.1875	-2.49564
27.2083	-2.50013
27.2292	-2.50009
27.25	-2.49807
27.2708	-2.49655
27.2917	-2.49577
27.3125	-2.49512
27.3333	-2.49428
27.3542	-2.49333
27.375	-2.49239
27.3958	-2.49148
27.4167	-2.4906
27.4375	-2.48973
27.4583	-2.48884
27.4792	-2.48794
27.5	-2.48704
27.5208	-2.48614
27.5417	-2.48524
27.5625	-2.48435
27.5833	-2.48346
27.6042	-2.48257
27.625	-2.48168
27.6458	-2.48078
27.6667	-2.47989
27.6875	-2.479
27.7083	-2.47811
27.7292	-2.47722
27.75	-2.47633
27.7708	-2.47544
27.7917	-2.47455
27.8125	-2.47365
27.8333	-2.47276
27.8542	-2.47188
27.875	-2.47099
27.8958	-2.4701
27.9167	-2.46921
27.9375	-2.46832
27.9583	-2.46743
27.9792	-2.46652
28	-2.46568
28.0208	-2.46475
28.0417	-2.46388
28.0625	-2.463
28.0833	-2.4621
28.1042	-2.46122
28.125	-2.46033
28.1458	-2.45945
28.1667	-2.45856
28.1875	-2.45768
28.2083	-2.45678
28.2292	-2.45592
28.25	-2.45501
28.2708	-2.45412
28.2917	-2.45328
28.3125	-2.45234
28.3333	-2.45148
28.3542	-2.45063
28.375	-2.44969
28.3958	-2.44883
28.4167	-2.44796
28.4375	-2.44705
28.4583	-2.44619
28.4792	-2.44531
28.5	-2.44442
28.5208	-2.44354
28.5417	-2.44265
28.5625	-2.44177
28.5833	-2.44089
28.6042	-2.44003
28.625	-2.43915
28.6458	-2.43825
28.6667	-2.43733
28.6875	-2.43645
28.7083	-2.43567
28.7292	-2.43493
28.75	-2.43385
28.7708	-2.43237
28.7917	-2.4314
28.8125	-2.43334
28.8333	-2.43314
28.8542	-2.42397
28.875	-2.41224
28.8958	-2.47625
28.9167	-2.40068
28.9375	-2.33894
28.9583	-2.63864
28.9792	-2.25529
29	-2.4208
29.0208	-2.54411
29.0417	-2.24627
29.0625	-2.53632
29.0833	-2.416
29.1042	-2.37372
29.125	-2.43941
29.1458	-2.42191
29.1667	-2.41206
29.1875	-2.41349
29.2083	-2.41564
29.2292	-2.41437
29.25	-2.41271
29.2708	-2.4117
29.2917	-2.41103
29.3125	-2.41026
29.3333	-2.40937
29.3542	-2.40844
29.375	-2.40755
29.3958	-2.40669
29.4167	-2.40584
29.4375	-2.40497
29.4583	-2.40409
29.4792	-2.40322
29.5	-2.40234
29.5208	-2.40147
29.5417	-2.4006
29.5625	-2.39973
29.5833	-2.39886
29.6042	-2.39799
29.625	-2.39712
29.6458	-2.39625
29.6667	-2.39538
29.6875	-2.39451
29.7083	-2.39364
29.7292	-2.39277
29.75	-2.3919
29.7708	-2.39103
29.7917	-2.39016
29.8125	-2.38929
29.8333	-2.38843
29.8542	-2.38756
29.875	-2.38669
29.8958	-2.38582
29.9167	-2.38495
29.9375	-2.38409
29.9583	-2.38322
29.9792	-2.38234
30	-2.38151
30.0208	-2.38061
30.0417	-2.37975
30.0625	-2.37889
30.0833	-2.37802
30.1042	-2.37716
30.125	-2.37629
30.1458	-2.37542
30.1667	-2.37456
30.1875	-2.37369
30.2083	-2.37281
30.2292	-2.372
30.25	-2.37107
30.2708	-2.37022
30.2917	-2.36942
30.3125	-2.36846
30.3333	-2.36763
30.3542	-2.36683
30.375	-2.36587
30.3958	-2.36505
30.4167	-2.36422
30.4375	-2.36329
30.4583	-2.36247
30.4792	-2.36161
30.5	-2.36073
30.5208	-2.35988
30.5417	-2.35901
30.5625	-2.35814
30.5833	-2.35728
30.6042	-2.35643
30.625	-2.35558
30.6458	-2.35471
30.6667	-2.35383
30.6875	-2.35294
30.7083	-2.35211
30.7292	-2.35137
30.75	-2.35051
30.7708	-2.34932
30.7917	-2.34799
30.8125	-2.34853
30.8333	-2.34929
30.8542	-2.34453
30.875	-2.33305
30.8958	-2.36991
30.9167	-2.33637
30.9375	-2.29322
30.9583	-2.44266
30.9792	-2.25761
31	-2.34934
31.0208	-2.39715
31.0417	-2.24784
31.0625	-2.4034
31.0833	-2.3279
31.1042	-2.31326
31.125	-2.34975
31.1458	-2.33459
31.1667	-2.3302
31.1875	-2.33195
31.2083	-2.33237
31.2292	-2.33084
31.25	-2.32961
31.2708	-2.32882
31.2917	-2.32811
31.3125	-2.32727
31.3333	-2.32637
31.3542	-2.32549
31.375	-2.32464
31.3958	-2.3238
31.4167	-2.32295
31.4375	-2.32209
31.4583	-2.32123
31.4792	-2.32037
31.5	-2.31952
31.5208	-2.31866
31.5417	-2.31781
31.5625	-2.31696
31.5833	-2.3161
31.6042	-2.31525
31.625	-2.31439
31.6458	-2.31354
31.6667	-2.31268
31.6875	-2.31183
31.7083	-2.31098
31.7292	-2.31012
31.75	-2.30927
31.7708	-2.30842
31.7917	-2.30756
31.8125	-2.30671
31.8333	-2.30586
31.8542	-2.30501
31.875	-2.30415
31.8958	-2.3033
31.9167	-2.30244
31.9375	-2.3016
31.9583	-2.30074
31.9792	-2.29988
32	-2.29905
32.0208	-2.29818
32.0417	-2.29734
32.0625	-2.29649
32.0833	-2.29563
32.1042	-2.29478
32.125	-2.29393
32.1458	-2.29308
32.1667	-2.29224
32.1875	-2.29137
32.2083	-2.29051
32.2292	-2.28973
32.25	-2.28878
32.2708	-2.28796
32.2917	-2.28721
32.3125	-2.28621
32.3333	-2.28542
32.3542	-2.28465
32.375	-2.28367
32.3958	-2.28287
32.4167	-2.28209
32.4375	-2.28113
32.4583	-2.28034
32.4792	-2.27949
32.5	-2.27862
32.5208	-2.27779
32.5417	-2.27694
32.5625	-2.27608
32.5833	-2.27523
32.6042	-2.27439
32.625	-2.27355
32.6458	-2.2727
32.6667	-2.27185
32.6875	-2.27098
32.7083	-2.27012
32.7292	-2.26934
32.75	-2.26856
32.7708	-2.26759
32.7917	-2.2663
32.8125	-2.26596
32.8333	-2.2666
32.8542	-2.2644
32.875	-2.25527
32.8958	-2.27526
32.9167	-2.26169
32.9375	-2.23317
32.9583	-2.30795
32.9792	-2.21987
33	-2.26567
33.0208	-2.283
33.0417	-2.21229
33.0625	-2.29164
33.0833	-2.24633
33.1042	-2.24385
33.125	-2.26247
33.1458	-2.25132
33.1667	-2.24977
33.1875	-2.25089
33.2083	-2.25035
33.2292	-2.24896
33.25	-2.24801
33.2708	-2.24727
33.2917	-2.24649
33.3125	-2.24563
33.3333	-2.24476
33.3542	-2.24391
33.375	-2.24307
33.3958	-2.24224
33.4167	-2.24139
33.4375	-2.24054
33.4583	-2.2397
33.4792	-2.23885
33.5	-2.23801
33.5208	-2.23717
33.5417	-2.23632
33.5625	-2.23548
33.5833	-2.23463
33.6042	-2.23379
33.625	-2.23295
33.6458	-2.2321
33.6667	-2.23126
33.6875	-2.23042
33.7083	-2.22958
33.7292	-2.22873
33.75	-2.22789
33.7708	-2.22705
33.7917	-2.2262
33.8125	-2.22536
33.8333	-2.22452
33.8542	-2.22368
33.875	-2.22283
33.8958	-2.22199
33.9167	-2.22115
33.9375	-2.22031
33.9583	-2.21946
33.9792	-2.21862
34	-2.21779
34.0208	-2.21693
34.0417	-2.2161
34.0625	-2.21526
34.0833	-2.21441
34.1042	-2.21357
34.125	-2.21273
34.1458	-2.21189
34.1667	-2.21107
34.1875	-2.21019
34.2083	-2.20934
34.2292	-2.20862
34.25	-2.20759
34.2708	-2.20684
34.2917	-2.20612
34.3125	-2.20505
34.3333	-2.20431
34.3542	-2.20359
34.375	-2.20256
34.3958	-2.20176
34.4167	-2.20106
34.4375	-2.20004
34.4583	-2.19928
34.4792	-2.19846
34.5	-2.19758
34.5208	-2.19676
34.5417	-2.19592
34.5625	-2.19507
34.5833	-2.19423
34.6042	-2.19339
34.625	-2.19256
34.6458	-2.19172
34.6667	-2.19088
34.6875	-2.19003
34.7083	-2.18917
34.7292	-2.18836
34.75	-2.18758
34.7708	-2.18673
34.7917	-2.1856
34.8125	-2.18481
34.8333	-2.18502
34.8542	-2.18406
34.875	-2.17751
34.8958	-2.18759
34.9167	-2.1829
34.9375	-2.1648
34.9583	-2.20161
34.9792	-2.16064
35	-2.18178
35.0208	-2.18702
35.0417	-2.15519
35.0625	-2.19388
35.0833	-2.16739
35.1042	-2.16922
35.125	-2.17777
35.1458	-2.17023
35.1667	-2.16988
35.1875	-2.17026
35.2083	-2.16931
35.2292	-2.16814
35.25	-2.16732
35.2708	-2.16656
35.2917	-2.16574
35.3125	-2.16488
35.3333	-2.16403
35.3542	-2.16319
35.375	-2.16236
35.3958	-2.16153
35.4167	-2.16069
35.4375	-2.15985
35.4583	-2.15901
35.4792	-2.15817
35.5	-2.15733
35.5208	-2.1565
35.5417	-2.15566
35.5625	-2.15482
35.5833	-2.15398
35.6042	-2.15315
35.625	-2.15231
35.6458	-2.15147
35.6667	-2.15064
35.6875	-2.1498
35.7083	-2.14896
35.7292	-2.14812
35.75	-2.14729
35.7708	-2.14645
35.7917	-2.14561
35.8125	-2.14478
35.8333	-2.14394
35.8542	-2.1431
35.875	-2.14226
35.8958	-2.14143
35.9167	-2.14059
35.9375	-2.13976
35.9583	-2.13892
35.9792	-2.13808
36	-2.13725
36.0208	-2.1364
36.0417	-2.13557
36.0625	-2.13473
36.0833	-2.1339
36.1042	-2.13306
36.125	-2.13222
36.1458	-2.13139
36.1667	-2.13058
36.1875	-2.12967
36.2083	-2.12886
36.2292	-2.12819
36.25	-2.12702
36.2708	-2.12642
36.2917	-2.12568
36.3125	-2.12453
36.3333	-2.12385
36.3542	-2.12317
36.375	-2.12211
36.3958	-2.12125
36.4167	-2.1207
36.4375	-2.11958
36.4583	-2.11883
36.4792	-2.11806
36.5	-2.11715
36.5208	-2.11633
36.5417	-2.11551
36.5625	-2.11466
36.5833	-2.11383
36.6042	-2.11299
36.625	-2.11216
36.6458	-2.11132
36.6667	-2.11049
36.6875	-2.10965
36.7083	-2.1088
36.7292	-2.10797
36.75	-2.10717
36.7708	-2.10637
36.7917	-2.10537
36.8125	-2.10442
36.8333	-2.10421
36.8542	-2.10373
36.875	-2.09927
36.8958	-2.10382
36.9167	-2.10268
36.9375	-2.09149
36.9583	-2.109
36.9792	-2.09049
37	-2.09938
37.0208	-2.1
37.0417	-2.08644
37.0625	-2.10432
37.0833	-2.08911
37.1042	-2.09173
37.125	-2.09499
37.1458	-2.09013
37.1667	-2.09009
37.1875	-2.0899
37.2083	-2.08883
37.2292	-2.08784
37.25	-2.08706
37.2708	-2.08627
37.2917	-2.08543
37.3125	-2.08457
37.3333	-2.08374
37.3542	-2.08291
37.375	-2.08208
37.3958	-2.08124
37.4167	-2.0804
37.4375	-2.07957
37.4583	-2.07873
37.4792	-2.0779
37.5	-2.07706
37.5208	-2.07623
37.5417	-2.07539
37.5625	-2.07455
37.5833	-2.07372
37.6042	-2.07288
37.625	-2.07205
37.6458	-2.07121
37.6667	-2.07038
37.6875	-2.06954
37.7083	-2.0687
37.7292	-2.06787
37.75	-2.06703
37.7708	-2.0662
37.7917	-2.06536
37.8125	-2.06453
37.8333	-2.06369
37.8542	-2.06286
37.875	-2.06202
37.8958	-2.06119
37.9167	-2.06035
37.9375	-2.05952
37.9583	-2.05868
37.9792	-2.05784
38	-2.05701
38.0208	-2.05617
38.0417	-2.05534
38.0625	-2.0545
38.0833	-2.05367
38.1042	-2.05283
38.125	-2.05198
38.1458	-2.05116
38.1667	-2.05037
38.1875	-2.0494
38.2083	-2.04866
38.2292	-2.04803
38.25	-2.04664
38.2708	-2.04631
38.2917	-2.04547
38.3125	-2.04423
38.3333	-2.04365
38.3542	-2.04297
38.375	-2.04192
38.3958	-2.04089
38.4167	-2.04061
38.4375	-2.03933
38.4583	-2.03856
38.4792	-2.03788
38.5	-2.03692
38.5208	-2.0361
38.5417	-2.03529
38.5625	-2.03444
38.5833	-2.0336
38.6042	-2.03277
38.625	-2.03193
38.6458	-2.0311
38.6667	-2.03026
38.6875	-2.02943
38.7083	-2.02858
38.7292	-2.02774
38.75	-2.02692
38.7708	-2.02612
38.7917	-2.02522
38.8125	-2.02424
38.8333	-2.02373
38.8542	-2.02335
38.875	-2.02035
38.8958	-2.02196
38.9167	-2.022
38.9375	-2.01514
38.9583	-2.02297
38.9792	-2.01486
39	-2.01798
39.0208	-2.01702
39.0417	-2.01159
39.0625	-2.0192
39.0833	-2.01052
39.1042	-2.01264
39.125	-2.01331
39.1458	-2.01021
39.1667	-2.01011
39.1875	-2.00955
39.2083	-2.00851
39.2292	-2.00762
39.25	-2.00684
39.2708	-2.00602
39.2917	-2.00517
39.3125	-2.00432
39.3333	-2.00349
39.3542	-2.00265
39.375	-2.00182
39.3958	-2.00098
39.4167	-2.00014
39.4375	-1.9993
39.4583	-1.99847
39.4792	-1.99763
39.5	-1.99679
39.5208	-1.99595
39.5417	-1.99512
39.5625	-1.99428
39.5833	-1.99344
39.6042	-1.9926
39.625	-1.99177
39.6458	-1.99093
39.6667	-1.99009
39.6875	-1.98925
39.7083	-1.98841
39.7292	-1.98758
39.75	-1.98674
39.7708	-1.9859
39.7917	-1.98506
39.8125	-1.98423
39.8333	-1.98339
39.8542	-1.98255
39.875	-1.98171
39.8958	-1.98087
39.9167	-1.98003
39.9375	-1.9792
39.9583	-1.97836
39.9792	-1.97752
40	-1.97668
40.0208	-1.97584
40.0417	-1.975
40.0625	-1.97417
40.0833	-1.97333
40.1042	-1.97249
40.125	-1.97163
40.1458	-1.97083
40.1667	-1.97003
40.1875	-1.96896
40.2083	-1.96838
40.2292	-1.96775
40.25	-1.96599
40.2708	-1.96622
40.2917	-1.96501
40.3125	-1.96379
40.3333	-1.96333
40.3542	-1.96255
40.375	-1.9617
40.3958	-1.96022
40.4167	-1.96042
40.4375	-1.95892
40.4583	-1.95806
40.4792	-1.95754
40.5	-1.95651
40.5208	-1.95567
40.5417	-1.95488
40.5625	-1.95403
40.5833	-1.95318
40.6042	-1.95234
40.625	-1.9515
40.6458	-1.95066
40.6667	-1.94982
40.6875	-1.94898
40.7083	-1.94814
40.7292	-1.94729
40.75	-1.94646
40.7708	-1.94565
40.7917	-1.94479
40.8125	-1.94383
40.8333	-1.94313
40.8542	-1.94268
40.875	-1.94062
40.8958	-1.94077
40.9167	-1.94098
40.9375	-1.93672
40.9583	-1.93981
40.9792	-1.93632
41	-1.93686
41.0208	-1.93551
41.0417	-1.93345
41.0625	-1.93615
41.0833	-1.93115
41.1042	-1.93247
41.125	-1.93199
41.1458	-1.92995
41.1667	-1.92967
41.1875	-1.92891
41.2083	-1.92792
41.2292	-1.92708
41.25	-1.92627
41.2708	-1.92543
41.2917	-1.92458
41.3125	-1.92373
41.3333	-1.9229
41.3542	-1.92206
41.375	-1.92121
41.3958	-1.92037
41.4167	-1.91952
41.4375	-1.91868
41.4583	-1.91784
41.4792	-1.917
41.5	-1.91615
41.5208	-1.91531
41.5417	-1.91447
41.5625	-1.91362
41.5833	-1.91278
41.6042	-1.91194
41.625	-1.91109
41.6458	-1.91025
41.6667	-1.90941
41.6875	-1.90856
41.7083	-1.90772
41.7292	-1.90687
41.75	-1.90603
41.7708	-1.90519
41.7917	-1.90434
41.8125	-1.9035
41.8333	-1.90265
41.8542	-1.90181
41.875	-1.90096
41.8958	-1.90012
41.9167	-1.89927
41.9375	-1.89843
41.9583	-1.89759
41.9792	-1.89674
42	-1.8959
42.0208	-1.89505
42.0417	-1.8942
42.0625	-1.89336
42.0833	-1.89252
42.1042	-1.89166
42.125	-1.89079
42.1458	-1.89004
42.1667	-1.8892
42.1875	-1.88797
42.2083	-1.88771
42.2292	-1.88695
42.25	-1.88466
42.2708	-1.88595
42.2917	-1.88378
42.3125	-1.88291
42.3333	-1.88256
42.3542	-1.88139
42.375	-1.88126
42.3958	-1.87874
42.4167	-1.87979
42.4375	-1.87806
42.4583	-1.8769
42.4792	-1.8767
42.5	-1.87556
42.5208	-1.87467
42.5417	-1.87391
42.5625	-1.87305
42.5833	-1.87219
42.6042	-1.87134
42.625	-1.8705
42.6458	-1.86965
42.6667	-1.8688
42.6875	-1.86795
42.7083	-1.86711
42.7292	-1.86625
42.75	-1.8654
42.7708	-1.86457
42.7917	-1.86373
42.8125	-1.8628
42.8333	-1.86199
42.8542	-1.86143
42.875	-1.85994
42.8958	-1.85939
42.9167	-1.85944
42.9375	-1.85669
42.9583	-1.85751
42.9792	-1.85594
43	-1.85542
43.0208	-1.85407
43.0417	-1.85325
43.0625	-1.85372
43.0833	-1.85073
43.1042	-1.85133
43.125	-1.85039
43.1458	-1.84895
43.1667	-1.84848
43.1875	-1.84762
43.2083	-1.84668
43.2292	-1.84585
43.25	-1.84502
43.2708	-1.84416
43.2917	-1.8433
43.3125	-1.84245
43.3333	-1.8416
43.3542	-1.84075
43.375	-1.8399
43.3958	-1.83905
43.4167	-1.83819
43.4375	-1.83734
43.4583	-1.83649
43.4792	-1.83564
43.5	-1.83479
43.5208	-1.83393
43.5417	-1.83308
43.5625	-1.83223
43.5833	-1.83137
43.6042	-1.83052
43.625	-1.82967
43.6458	-1.82881
43.6667	-1.82796
43.6875	-1.82711
43.7083	-1.82625
43.7292	-1.8254
43.75	-1.82455
43.7708	-1.82369
43.7917	-1.82284
43.8125	-1.82198
43.8333	-1.82113
43.8542	-1.82027
43.875	-1.81942
43.8958	-1.81856
43.9167	-1.81771
43.9375	-1.81685
43.9583	-1.816
43.9792	-1.81514
44	-1.81429
44.0208	-1.81343
44.0417	-1.81257
44.0625	-1.81173
44.0833	-1.81087
44.1042	-1.80998
44.125	-1.80913
44.1458	-1.80841
44.1667	-1.80747
44.1875	-1.80606
44.2083	-1.8064
44.2292	-1.80518
44.25	-1.80216
44.2708	-1.80546
44.2917	-1.80106
44.3125	-1.80142
44.3333	-1.80108
44.3542	-1.79883
44.375	-1.80063
44.3958	-1.79584
44.4167	-1.7984
44.4375	-1.79649
44.4583	-1.79464
44.4792	-1.795
44.5	-1.79375
44.5208	-1.79275
44.5417	-1.79201
44.5625	-1.79117
44.5833	-1.79028
44.6042	-1.78941
44.625	-1.78856
44.6458	-1.7877
44.6667	-1.78684
44.6875	-1.78598
44.7083	-1.78512
44.7292	-1.78426
44.75	-1.7834
44.7708	-1.78255
44.7917	-1.7817
44.8125	-1.78079
44.8333	-1.77992
44.8542	-1.77926
44.875	-1.77807
44.8958	-1.77724
44.9167	-1.77703
44.9375	-1.77513
44.9583	-1.77491
44.9792	-1.77405
45	-1.77313
45.0208	-1.7719
45.0417	-1.77141
45.0625	-1.77092
45.0833	-1.76899
45.1042	-1.76905
45.125	-1.76797
45.1458	-1.76685
45.1667	-1.76622
45.1875	-1.76532
45.2083	-1.76441
45.2292	-1.76357
45.25	-1.76271
45.2708	-1.76184
45.2917	-1.76098
45.3125	-1.76011
45.3333	-1.75925
45.3542	-1.75839
45.375	-1.75752
45.3958	-1.75666
45.4167	-1.75579
45.4375	-1.75493
45.4583	-1.75406
45.4792	-1.75319
45.5	-1.75233
45.5208	-1.75146
45.5417	-1.7506
45.5625	-1.74973
45.5833	-1.74886
45.6042	-1.748
45.625	-1.74713
45.6458	-1.74626
45.6667	-1.7454
45.6875	-1.74453
45.7083	-1.74366
45.7292	-1.74279
45.75	-1.74193
45.7708	-1.74106
45.7917	-1.74019
45.8125	-1.73932
45.8333	-1.73846
45.8542	-1.73759
45.875	-1.73672
45.8958	-1.73585
45.9167	-1.73498
45.9375	-1.73411
45.9583	-1.73324
45.9792	-1.73237
46	-1.7315
46.0208	-1.73063
46.0417	-1.72976
46.0625	-1.72891
46.0833	-1.72802
46.1042	-1.7271
46.125	-1.72628
46.1458	-1.72561
46.1667	-1.72446
46.1875	-1.72285
46.2083	-1.72425
46.2292	-1.72187
46.25	-1.71804
46.2708	-1.72501
46.2917	-1.7157
46.3125	-1.71942
46.3333	-1.71866
46.3542	-1.71383
46.375	-1.72024
46.3958	-1.71069
46.4167	-1.71585
46.4375	-1.7141
46.4583	-1.71077
46.4792	-1.71206
46.5	-1.71073
46.5208	-1.70953
46.5417	-1.70881
46.5625	-1.708
46.5833	-1.70709
46.6042	-1.70619
46.625	-1.70533
46.6458	-1.70446
46.6667	-1.70358
46.6875	-1.70271
46.7083	-1.70183
46.7292	-1.70095
46.75	-1.70007
46.7708	-1.6992
46.7917	-1.69834
46.8125	-1.69744
46.8333	-1.69654
46.8542	-1.69579
46.875	-1.69476
46.8958	-1.69381
46.9167	-1.69338
46.9375	-1.69195
46.9583	-1.69127
46.9792	-1.6906
47	-1.68956
47.0208	-1.68843
47.0417	-1.68795
47.0625	-1.68708
47.0833	-1.68569
47.1042	-1.68537
47.125	-1.68428
47.1458	-1.68331
47.1667	-1.68257
47.1875	-1.68164
47.2083	-1.68074
47.2292	-1.67988
47.25	-1.679
47.2708	-1.67812
47.2917	-1.67723
47.3125	-1.67635
47.3333	-1.67548
47.3542	-1.67459
47.375	-1.67371
47.3958	-1.67283
47.4167	-1.67195
47.4375	-1.67106
47.4583	-1.67018
47.4792	-1.6693
47.5	-1.66842
47.5208	-1.66753
47.5417	-1.66665
47.5625	-1.66577
47.5833	-1.66488
47.6042	-1.664
47.625	-1.66311
47.6458	-1.66223
47.6667	-1.66135
47.6875	-1.66046
47.7083	-1.65958
47.7292	-1.65869
47.75	-1.65781
47.7708	-1.65692
47.7917	-1.65604
47.8125	-1.65515
47.8333	-1.65426
47.8542	-1.65338
47.875	-1.65249
47.8958	-1.6516
47.9167	-1.65072
47.9375	-1.64983
47.9583	-1.64894
47.9792	-1.64805
48	-1.64716
48.0208	-1.64627
48.0417	-1.6454
48.0625	-1.64452
48.0833	-1.64359
48.1042	-1.64264
48.125	-1.64191
48.1458	-1.64125
48.1667	-1.63972
48.1875	-1.63803
48.2083	-1.64117
48.2292	-1.63618
48.25	-1.63183
48.2708	-1.64532
48.2917	-1.62571
48.3125	-1.63755
48.3333	-1.6352
48.3542	-1.62458
48.375	-1.64137
48.3958	-1.62213
48.4167	-1.6316
48.4375	-1.631
48.4583	-1.62472
48.4792	-1.62746
48.5	-1.62621
48.5208	-1.62469
48.5417	-1.62391
48.5625	-1.62318
48.5833	-1.62225
48.6042	-1.62132
48.625	-1.62042
48.6458	-1.61954
48.6667	-1.61865
48.6875	-1.61775
48.7083	-1.61685
48.7292	-1.61596
48.75	-1.61506
48.7708	-1.61417
48.7917	-1.61328
48.8125	-1.61237
48.8333	-1.61145
48.8542	-1.61063
48.875	-1.60967
48.8958	-1.60868
48.9167	-1.60808
48.9375	-1.60689
48.9583	-1.60601
48.9792	-1.60535
49	-1.60429
49.0208	-1.60323
49.0417	-1.60265
49.0625	-1.60165
49.0833	-1.60052
49.1042	-1.59995
49.125	-1.59888
49.1458	-1.59796
49.1667	-1.59713
49.1875	-1.5962
49.2083	-1.59529
49.2292	-1.5944
49.25	-1.5935
49.2708	-1.5926
49.2917	-1.5917
49.3125	-1.59079
49.3333	-1.5899
49.3542	-1.58899
49.375	-1.58809
49.3958	-1.58719
49.4167	-1.58628
49.4375	-1.58538
49.4583	-1.58447
49.4792	-1.58357
49.5	-1.58267
49.5208	-1.58176
49.5417	-1.58086
49.5625	-1.57995
49.5833	-1.57905
49.6042	-1.57814
49.625	-1.57724
49.6458	-1.57633
49.6667	-1.57543
49.6875	-1.57452
49.7083	-1.57361
49.7292	-1.5727
49.75	-1.5718
49.7708	-1.57089
49.7917	-1.56999
49.8125	-1.56908
49.8333	-1.56817
49.8542	-1.56726
49.875	-1.56635
49.8958	-1.56544
49.9167	-1.56454
49.9375	-1.56363
49.9583	-1.56272
49.9792	-1.5618
50	-1.56088
50.0208	-1.55999
50.0417	-1.5591
50.0625	-1.55818
50.0833	-1.55718
50.1042	-1.55625
50.125	-1.55567
50.1458	-1.55487
50.1667	-1.55274
50.1875	-1.55135
50.2083	-1.55713
50.2292	-1.54683
50.25	-1.54325
50.2708	-1.56799
50.2917	-1.52754
50.3125	-1.55762
50.3333	-1.55063
50.3542	-1.52773
50.375	-1.56695
50.3958	-1.52839
50.4167	-1.54473
50.4375	-1.54767
50.4583	-1.53583
50.4792	-1.54063
50.5	-1.53983
50.5208	-1.53787
50.5417	-1.5369
50.5625	-1.53628
50.5833	-1.53537
50.6042	-1.53439
50.625	-1.53345
50.6458	-1.53255
50.6667	-1.53164
50.6875	-1.53072
50.7083	-1.5298
50.7292	-1.52888
50.75	-1.52796
50.7708	-1.52704
50.7917	-1.52612
50.8125	-1.5252
50.8333	-1.52426
50.8542	-1.52338
50.875	-1.52244
50.8958	-1.52144
50.9167	-1.5207
50.9375	-1.51963
50.9583	-1.51867
50.9792	-1.51794
51	-1.51689
51.0208	-1.51587
51.0417	-1.51517
51.0625	-1.51413
51.0833	-1.51311
51.1042	-1.51238
51.125	-1.51133
51.1458	-1.51041
51.1667	-1.50953
51.1875	-1.50858
51.2083	-1.50766
51.2292	-1.50674
51.25	-1.5058
51.2708	-1.50488
51.2917	-1.50395
51.3125	-1.50302
51.3333	-1.50211
51.3542	-1.50117
51.375	-1.50024
51.3958	-1.49932
51.4167	-1.49838
51.4375	-1.49746
51.4583	-1.49653
51.4792	-1.4956
51.5	-1.49467
51.5208	-1.49374
51.5417	-1.49281
51.5625	-1.49188
51.5833	-1.49095
51.6042	-1.49001
51.625	-1.48908
51.6458	-1.48815
51.6667	-1.48722
51.6875	-1.48629
51.7083	-1.48535
51.7292	-1.48442
51.75	-1.48349
51.7708	-1.48256
51.7917	-1.48162
51.8125	-1.48069
51.8333	-1.47975
51.8542	-1.47881
51.875	-1.47788
51.8958	-1.47695
51.9167	-1.47602
51.9375	-1.47508
51.9583	-1.47414
51.9792	-1.47319
52	-1.47226
52.0208	-1.47135
52.0417	-1.47043
52.0625	-1.46943
52.0833	-1.46838
52.1042	-1.46755
52.125	-1.46715
52.1458	-1.46591
52.1667	-1.463
52.1875	-1.46277
52.2083	-1.47213
52.2292	-1.45173
52.25	-1.45242
52.2708	-1.49595
52.2917	-1.41481
52.3125	-1.48373
52.3333	-1.46461
52.3542	-1.41703
52.375	-1.50331
52.3958	-1.42674
52.4167	-1.45348
52.4375	-1.46526
52.4583	-1.44347
52.4792	-1.45081
52.5	-1.45122
52.5208	-1.44879
52.5417	-1.44734
52.5625	-1.44683
52.5833	-1.44601
52.6042	-1.445
52.625	-1.44399
52.6458	-1.44305
52.6667	-1.44212
52.6875	-1.44118
52.7083	-1.44023
52.7292	-1.43928
52.75	-1.43832
52.7708	-1.43738
52.7917	-1.43643
52.8125	-1.43549
52.8333	-1.43452
52.8542	-1.4336
52.875	-1.43264
52.8958	-1.43163
52.9167	-1.43079
52.9375	-1.42977
52.9583	-1.42877
52.9792	-1.42795
53	-1.42691
53.0208	-1.4259
53.0417	-1.4251
53.0625	-1.42405
53.0833	-1.42306
53.1042	-1.42222
53.125	-1.42118
53.1458	-1.42024
53.1667	-1.41931
53.1875	-1.41834
53.2083	-1.41738
53.2292	-1.41643
53.25	-1.41547
53.2708	-1.41452
53.2917	-1.41356
53.3125	-1.41259
53.3333	-1.41166
53.3542	-1.41068
53.375	-1.40973
53.3958	-1.40877
53.4167	-1.40781
53.4375	-1.40685
53.4583	-1.40589
53.4792	-1.40493
53.5	-1.40397
53.5208	-1.40301
53.5417	-1.40205
53.5625	-1.40109
53.5833	-1.40012
53.6042	-1.39916
53.625	-1.3982
53.6458	-1.39724
53.6667	-1.39627
53.6875	-1.39531
53.7083	-1.39435
53.7292	-1.39338
53.75	-1.39242
53.7708	-1.39146
53.7917	-1.39049
53.8125	-1.38952
53.8333	-1.38855
53.8542	-1.38759
53.875	-1.38662
53.8958	-1.38566
53.9167	-1.3847
53.9375	-1.38372
53.9583	-1.38274
53.9792	-1.38177
54	-1.38082
54.0208	-1.37989
54.0417	-1.37891
54.0625	-1.3778
54.0833	-1.37675
54.1042	-1.37616
54.125	-1.37586
54.1458	-1.37361
54.1667	-1.37004
54.1875	-1.37259
54.2083	-1.38592
54.2292	-1.34761
54.25	-1.36041
54.2708	-1.43408
54.2917	-1.27668
54.3125	-1.42417
54.3333	-1.37452
54.3542	-1.28096
54.375	-1.46417
54.3958	-1.3129
54.4167	-1.35421
54.4375	-1.38591
54.4583	-1.34722
54.4792	-1.35687
54.5	-1.35979
54.5208	-1.35719
54.5417	-1.35481
54.5625	-1.3543
54.5833	-1.35365
54.6042	-1.35267
54.625	-1.35157
54.6458	-1.35056
54.6667	-1.3496
54.6875	-1.34865
54.7083	-1.34767
54.7292	-1.34667
54.75	-1.34568
54.7708	-1.3447
54.7917	-1.34372
54.8125	-1.34274
54.8333	-1.34175
54.8542	-1.34078
54.875	-1.3398
54.8958	-1.33877
54.9167	-1.33785
54.9375	-1.33683
54.9583	-1.3358
54.9792	-1.33491
55	-1.33386
55.0208	-1.33284
55.0417	-1.33195
55.0625	-1.33089
55.0833	-1.32989
55.1042	-1.32896
55.125	-1.32793
55.1458	-1.32695
55.1667	-1.32597
55.1875	-1.32497
55.2083	-1.32398
55.2292	-1.32299
55.25	-1.32199
55.2708	-1.32101
55.2917	-1.32001
55.3125	-1.31901
55.3333	-1.31804
55.3542	-1.31702
55.375	-1.31604
55.3958	-1.31505
55.4167	-1.31404
55.4375	-1.31305
55.4583	-1.31206
55.4792	-1.31106
55.5	-1.31006
55.5208	-1.30906
55.5417	-1.30807
55.5625	-1.30707
55.5833	-1.30607
55.6042	-1.30507
55.625	-1.30407
55.6458	-1.30307
55.6667	-1.30207
55.6875	-1.30107
55.7083	-1.30007
55.7292	-1.29907
55.75	-1.29807
55.7708	-1.29707
55.7917	-1.29606
55.8125	-1.29506
55.8333	-1.29405
55.8542	-1.29305
55.875	-1.29206
55.8958	-1.29106
55.9167	-1.29005
55.9375	-1.28902
55.9583	-1.28801
55.9792	-1.28702
56	-1.28606
56.0208	-1.28508
56.0417	-1.28396
56.0625	-1.28275
56.0833	-1.28187
56.1042	-1.28165
56.125	-1.28104
56.1458	-1.277
56.1667	-1.27369
56.1875	-1.28165
56.2083	-1.29727
56.2292	-1.22969
56.25	-1.27009
56.2708	-1.38852
56.2917	-1.09658
56.3125	-1.39253
56.3333	-1.26733
56.3542	-1.09993
56.375	-1.48139
56.3958	-1.1798
56.4167	-1.23964
56.4375	-1.31332
56.4583	-1.24741
56.4792	-1.25725
56.5	-1.26452
56.5208	-1.26283
56.5417	-1.25899
56.5625	-1.25807
56.5833	-1.25765
56.6042	-1.25683
56.625	-1.25567
56.6458	-1.25455
56.6667	-1.25353
56.6875	-1.25255
56.7083	-1.25154
56.7292	-1.25052
56.75	-1.24948
56.7708	-1.24845
56.7917	-1.24743
56.8125	-1.24641
56.8333	-1.24539
56.8542	-1.24437
56.875	-1.24335
56.8958	-1.24229
56.9167	-1.2413
56.9375	-1.24026
56.9583	-1.2392
56.9792	-1.23823
57	-1.23717
57.0208	-1.23612
57.0417	-1.23515
57.0625	-1.23407
57.0833	-1.23304
57.1042	-1.23204
57.125	-1.23098
57.1458	-1.22996
57.1667	-1.22893
57.1875	-1.2279
57.2083	-1.22687
57.2292	-1.22583
57.25	-1.2248
57.2708	-1.22377
57.2917	-1.22273
57.3125	-1.22168
57.3333	-1.22068
57.3542	-1.2196
57.375	-1.21859
57.3958	-1.21755
57.4167	-1.21651
57.4375	-1.21547
57.4583	-1.21443
57.4792	-1.21339
57.5	-1.21235
57.5208	-1.21131
57.5417	-1.21027
57.5625	-1.20924
57.5833	-1.20819
57.6042	-1.20715
57.625	-1.2061
57.6458	-1.20506
57.6667	-1.20402
57.6875	-1.20298
57.7083	-1.20194
57.7292	-1.20089
57.75	-1.19984
57.7708	-1.19879
57.7917	-1.19774
57.8125	-1.19669
57.8333	-1.19565
57.8542	-1.19461
57.875	-1.19357
57.8958	-1.19252
57.9167	-1.19145
57.9375	-1.19038
57.9583	-1.18934
57.9792	-1.18834
58	-1.18734
58.0208	-1.18623
58.0417	-1.18493
58.0625	-1.18376
58.0833	-1.18333
58.1042	-1.1834
58.125	-1.18148
58.1458	-1.17505
58.1667	-1.17462
58.1875	-1.1913
58.2083	-1.20243
58.2292	-1.09214
58.25	-1.18688
58.2708	-1.35604
58.2917	-0.853447
58.3125	-1.38827
58.3333	-1.09469
58.3542	-0.846092
58.375	-1.64338
58.3958	-1.01506
58.4167	-1.09642
58.4375	-1.25301
58.4583	-1.1461
58.4792	-1.15016
58.5	-1.16354
58.5208	-1.16526
58.5417	-1.15973
58.5625	-1.15757
58.5833	-1.15724
58.6042	-1.15675
58.625	-1.15567
58.6458	-1.1544
58.6667	-1.15327
58.6875	-1.15223
58.7083	-1.1512
58.7292	-1.15015
58.75	-1.14907
58.7708	-1.14798
58.7917	-1.1469
58.8125	-1.14583
58.8333	-1.14476
58.8542	-1.1437
58.875	-1.14263
58.8958	-1.14154
58.9167	-1.14048
58.9375	-1.1394
58.9583	-1.1383
58.9792	-1.13726
59	-1.13616
59.0208	-1.13508
59.0417	-1.13403
59.0625	-1.13292
59.0833	-1.13185
59.1042	-1.13078
59.125	-1.12968
59.1458	-1.12861
59.1667	-1.12753
59.1875	-1.12645
59.2083	-1.12537
59.2292	-1.12428
59.25	-1.1232
59.2708	-1.12212
59.2917	-1.12103
59.3125	-1.11992
59.3333	-1.11889
59.3542	-1.11775
59.375	-1.11669
59.3958	-1.1156
59.4167	-1.11451
59.4375	-1.11342
59.4583	-1.11233
59.4792	-1.11124
59.5	-1.11015
59.5208	-1.10906
59.5417	-1.10797
59.5625	-1.10688
59.5833	-1.10578
59.6042	-1.10469
59.625	-1.10359
59.6458	-1.1025
59.6667	-1.10141
59.6875	-1.10031
59.7083	-1.09922
59.7292	-1.09812
59.75	-1.09701
59.7708	-1.09591
59.7917	-1.09481
59.8125	-1.09372
59.8333	-1.09263
59.8542	-1.09154
59.875	-1.09043
59.8958	-1.08931
59.9167	-1.08818
59.9375	-1.08708
59.9583	-1.08603
59.9792	-1.08501
60	-1.08388
60.0208	-1.08255
60.0417	-1.08113
60.0625	-1.08037
60.0833	-1.08058
60.1042	-1.08024
60.125	-1.07537
60.1458	-1.06718
60.1667	-1.07498
60.1875	-1.10268
60.2083	-1.09235
60.2292	-0.929777
60.25	-1.11789
60.2708	-1.26426
60.2917	-0.527989
60.3125	-1.22812
60.3333	-0.75653
60.3542	-0.493028
60.375	-2.24419
60.3958	-0.797306
60.4167	-0.904697
60.4375	-1.21153
60.4583	-1.04893
60.4792	-1.03429
60.5	-1.05357
60.5208	-1.0632
60.5417	-1.0571
60.5625	-1.05243
60.5833	-1.05154
60.6042	-1.05142
60.625	-1.05073
60.6458	-1.0494
60.6667	-1.04809
60.6875	-1.04691
60.7083	-1.04584
60.7292	-1.04476
60.75	-1.04365
60.7708	-1.04251
60.7917	-1.04136
60.8125	-1.04022
60.8333	-1.03909
60.8542	-1.03797
60.875	-1.03685
60.8958	-1.03571
60.9167	-1.03459
60.9375	-1.03345
60.9583	-1.0323
60.9792	-1.03118
61	-1.03004
61.0208	-1.0289
61.0417	-1.02779
61.0625	-1.02663
61.0833	-1.0255
61.1042	-1.02436
61.125	-1.02321
61.1458	-1.02208
61.1667	-1.02094
61.1875	-1.0198
61.2083	-1.01866
61.2292	-1.01751
61.25	-1.01638
61.2708	-1.01522
61.2917	-1.01408
61.3125	-1.01291
61.3333	-1.01184
61.3542	-1.01061
61.375	-1.00951
61.3958	-1.00834
61.4167	-1.00721
61.4375	-1.00605
61.4583	-1.0049
61.4792	-1.00375
61.5	-1.00261
61.5208	-1.00145
61.5417	-1.0003
61.5625	-0.999141
61.5833	-0.997985
61.6042	-0.99683
61.625	-0.995678
61.6458	-0.994528
61.6667	-0.993375
61.6875	-0.992216
61.7083	-0.991051
61.7292	-0.989885
61.75	-0.98872
61.7708	-0.987562
61.7917	-0.986412
61.8125	-0.985263
61.8333	-0.984108
61.8542	-0.982937
61.875	-0.981748
61.8958	-0.980554
61.9167	-0.979388
61.9375	-0.978283
61.9583	-0.977209
61.9792	-0.976057
62	-0.974649
62.0208	-0.973106
62.0417	-0.971937
62.0625	-0.972141
62.0833	-0.972603
62.1042	-0.969973
62.125	-0.960503
62.1458	-0.954707
62.1667	-0.979295
62.1875	-1.0136
62.2083	-0.949941
62.2292	-0.741521
62.25	-1.05929
62.2708	-0.903303
62.2917	-0.11191
62.3125	-0.59228
62.3333	-0.216507
62.3542	-0.0343621
62.375	-1.30436
62.3958	-0.497266
62.4167	-0.64569
62.4375	-1.18791
62.4583	-0.968516
62.4792	-0.910761
62.5	-0.929966
62.5208	-0.95321
62.5417	-0.950985
62.5625	-0.942787
62.5833	-0.939891
62.6042	-0.939579
62.625	-0.939654
62.6458	-0.938561
62.6667	-0.937135
62.6875	-0.935714
62.7083	-0.934507
62.7292	-0.933375
62.75	-0.932239
62.7708	-0.931051
62.7917	-0.929837
62.8125	-0.928616
62.8333	-0.927406
62.8542	-0.926209
62.875	-0.925021
62.8958	-0.923825
62.9167	-0.922635
62.9375	-0.92143
62.9583	-0.920212
62.9792	-0.919016
63	-0.9178
63.0208	-0.916592
63.0417	-0.915404
63.0625	-0.914188
63.0833	-0.912985
63.1042	-0.911778
63.125	-0.91056
63.1458	-0.909352
63.1667	-0.908143
63.1875	-0.906928
63.2083	-0.905715
63.2292	-0.904497
63.25	-0.903314
63.2708	-0.902058
63.2917	-0.900865
63.3125	-0.899617
63.3333	-0.898472
63.3542	-0.897166
63.375	-0.896011
63.3958	-0.894736
63.4167	-0.893569
63.4375	-0.892317
63.4583	-0.891102
63.4792	-0.88988
63.5	-0.888659
63.5208	-0.887427
63.5417	-0.886197
63.5625	-0.884968
63.5833	-0.883744
63.6042	-0.882522
63.625	-0.881299
63.6458	-0.880071
63.6667	-0.878835
63.6875	-0.877594
63.7083	-0.876352
63.7292	-0.875115
63.75	-0.873887
63.7708	-0.872667
63.7917	-0.871447
63.8125	-0.870216
63.8333	-0.868964
63.8542	-0.867693
63.875	-0.86642
63.8958	-0.865184
63.9167	-0.864013
63.9375	-0.862886
63.9583	-0.861661
63.9792	-0.860182
64	-0.858447
64.0208	-0.857106
64.0417	-0.856932
64.0625	-0.858226
64.0833	-0.856834
64.1042	-0.848961
64.125	-0.835867
64.1458	-0.843185
64.1667	-0.893957
64.1875	-0.908937
64.2083	-0.753368
64.2292	-0.533946
64.25	-0.935484
64.2708	-0.286745
64.2917	0.387423
64.3125	0.198021
64.3333	0.433079
64.3542	0.510871
64.375	-0.223626
64.3958	-0.0966398
64.4167	-0.316694
64.4375	-1.13129
64.4583	-0.931514
64.4792	-0.786799
64.5	-0.788653
64.5208	-0.827742
64.5417	-0.839403
64.5625	-0.829262
64.5833	-0.822382
64.6042	-0.819991
64.625	-0.820695
64.6458	-0.820362
64.6667	-0.819199
64.6875	-0.817544
64.7083	-0.816063
64.7292	-0.814757
64.75	-0.813568
64.7708	-0.812351
64.7917	-0.811089
64.8125	-0.809787
64.8333	-0.808478
64.8542	-0.807178
64.875	-0.805896
64.8958	-0.804619
64.9167	-0.80335
64.9375	-0.802072
64.9583	-0.80078
64.9792	-0.799494
65	-0.798191
65.0208	-0.796893
65.0417	-0.795609
65.0625	-0.794313
65.0833	-0.793028
65.1042	-0.791739
65.125	-0.790442
65.1458	-0.789146
65.1667	-0.787848
65.1875	-0.786536
65.2083	-0.78524
65.2292	-0.783935
65.25	-0.782694
65.2708	-0.7813
65.2917	-0.78006
65.3125	-0.778727
65.3333	-0.77746
65.3542	-0.776079
65.375	-0.774869
65.3958	-0.773442
65.4167	-0.772255
65.4375	-0.770882
65.4583	-0.769586
65.4792	-0.768258
65.5	-0.766952
65.5208	-0.765631
65.5417	-0.764319
65.5625	-0.763007
65.5833	-0.761699
65.6042	-0.760385
65.625	-0.759062
65.6458	-0.757732
65.6667	-0.756398
65.6875	-0.755068
65.7083	-0.753746
65.7292	-0.752435
65.75	-0.751129
65.7708	-0.749818
65.7917	-0.74849
65.8125	-0.747135
65.8333	-0.745764
65.8542	-0.7444
65.875	-0.743088
65.8958	-0.74185
65.9167	-0.74064
65.9375	-0.739313
65.9583	-0.737675
65.9792	-0.735793
66	-0.734231
66.0208	-0.734095
66.0417	-0.735399
66.0625	-0.735801
66.0833	-0.727968
66.1042	-0.713656
66.125	-0.705648
66.1458	-0.745533
66.1667	-0.820271
66.1875	-0.744076
66.2083	-0.489948
66.2292	-0.322642
66.25	-0.559201
66.2708	0.378489
66.2917	0.951739
66.3125	0.959614
66.3333	1.1172
66.3542	1.11436
66.375	0.596696
66.3958	0.389291
66.4167	0.0645033
66.4375	-0.86803
66.4583	-0.994146
66.4792	-0.682515
66.5	-0.632117
66.5208	-0.674836
66.5417	-0.71435
66.5625	-0.711368
66.5833	-0.700391
66.6042	-0.692551
66.625	-0.691915
66.6458	-0.692459
66.6667	-0.692285
66.6875	-0.690864
66.7083	-0.689113
66.7292	-0.687446
66.75	-0.686042
66.7708	-0.684743
66.7917	-0.683446
66.8125	-0.682094
66.8333	-0.680691
66.8542	-0.679273
66.875	-0.677861
66.8958	-0.676464
66.9167	-0.675086
66.9375	-0.673712
66.9583	-0.672331
66.9792	-0.670949
67	-0.669548
67.0208	-0.668143
67.0417	-0.666742
67.0625	-0.665335
67.0833	-0.663938
67.1042	-0.662545
67.125	-0.661151
67.1458	-0.659753
67.1667	-0.65835
67.1875	-0.656923
67.2083	-0.655532
67.2292	-0.654108
67.25	-0.652787
67.2708	-0.651197
67.2917	-0.649928
67.3125	-0.648511
67.3333	-0.647038
67.3542	-0.645624
67.375	-0.644343
67.3958	-0.642682
67.4167	-0.64149
67.4375	-0.639951
67.4583	-0.638567
67.4792	-0.637105
67.5	-0.63571
67.5208	-0.634285
67.5417	-0.632871
67.5625	-0.631444
67.5833	-0.630013
67.6042	-0.628573
67.625	-0.627128
67.6458	-0.625683
67.6667	-0.624247
67.6875	-0.622824
67.7083	-0.621409
67.7292	-0.619993
67.75	-0.618563
67.7708	-0.617105
67.7917	-0.615623
67.8125	-0.614131
67.8333	-0.61267
67.8542	-0.611274
67.875	-0.609957
67.8958	-0.608622
67.9167	-0.607109
67.9375	-0.605244
67.9583	-0.603176
67.9792	-0.60158
68	-0.601599
68.0208	-0.603296
68.0417	-0.603959
68.0625	-0.597309
68.0833	-0.579122
68.1042	-0.566697
68.125	-0.585989
68.1458	-0.682427
68.1667	-0.718831
68.1875	-0.459478
68.2083	-0.165035
68.2292	-0.125412
68.25	0.0315898
68.2708	1.02741
68.2917	1.56126
68.3125	1.69328
68.3333	1.81231
68.3542	1.75363
68.375	1.32286
68.3958	0.923261
68.4167	0.473902
68.4375	-0.329992
68.4583	-1.19501
68.4792	-0.649741
68.5	-0.479503
68.5208	-0.486143
68.5417	-0.556425
68.5625	-0.581282
68.5833	-0.574821
68.6042	-0.559783
68.625	-0.552784
68.6458	-0.552163
68.6667	-0.553039
68.6875	-0.552915
68.7083	-0.551504
68.7292	-0.549566
68.75	-0.547699
68.7708	-0.546102
68.7917	-0.544652
68.8125	-0.543253
68.8333	-0.54179
68.8542	-0.540277
68.875	-0.538725
68.8958	-0.537168
68.9167	-0.535629
68.9375	-0.534108
68.9583	-0.532598
68.9792	-0.531097
69	-0.529583
69.0208	-0.528058
69.0417	-0.526524
69.0625	-0.524977
69.0833	-0.523435
69.1042	-0.521899
69.125	-0.520369
69.1458	-0.518837
69.1667	-0.517303
69.1875	-0.51574
69.2083	-0.514245
69.2292	-0.512662
69.25	-0.511231
69.2708	-0.509379
69.2917	-0.508105
69.3125	-0.506608
69.3333	-0.504761
69.3542	-0.503403
69.375	-0.502016
69.3958	-0.500011
69.4167	-0.498835
69.4375	-0.497087
69.4583	-0.495625
69.4792	-0.493986
69.5	-0.492475
69.5208	-0.490904
69.5417	-0.489341
69.5625	-0.487754
69.5833	-0.486162
69.6042	-0.484576
69.625	-0.483
69.6458	-0.481438
69.6667	-0.479885
69.6875	-0.47833
69.7083	-0.476763
69.7292	-0.475167
69.75	-0.473544
69.7708	-0.471903
69.7917	-0.47028
69.8125	-0.468712
69.8333	-0.467226
69.8542	-0.465767
69.875	-0.46423
69.8958	-0.462387
69.9167	-0.460246
69.9375	-0.458028
69.9583	-0.456741
69.9792	-0.457158
70	-0.459513
70.0208	-0.459396
70.0417	-0.45179
70.0625	-0.431026
70.0833	-0.412162
70.1042	-0.429051
70.125	-0.512957
70.1458	-0.650427
70.1667	-0.44217
70.1875	-0.0624488
70.2083	0.212242
70.2292	0.101289
70.25	0.653152
70.2708	1.6569
70.2917	2.20116
70.3125	2.41572
70.3333	2.5156
70.3542	2.41546
70.375	2.00556
70.3958	1.47281
70.4167	0.901285
70.4375	0.317895
70.4583	-0.653489
70.4792	-0.867414
70.5	-0.383118
70.5208	-0.277661
70.5417	-0.3417
70.5625	-0.411638
70.5833	-0.435724
70.6042	-0.425105
70.625	-0.406841
70.6458	-0.399323
70.6667	-0.397659
70.6875	-0.398939
70.7083	-0.39901
70.7292	-0.397885
70.75	-0.395783
70.7708	-0.393714
70.7917	-0.391772
70.8125	-0.390118
70.8333	-0.388529
70.8542	-0.386942
70.875	-0.385289
70.8958	-0.38358
70.9167	-0.381848
70.9375	-0.380116
70.9583	-0.378403
70.9792	-0.376712
71	-0.375032
71.0208	-0.373352
71.0417	-0.371665
71.0625	-0.369962
71.0833	-0.36825
71.1042	-0.366533
71.125	-0.364807
71.1458	-0.363078
71.1667	-0.361354
71.1875	-0.359621
71.2083	-0.357993
71.2292	-0.356217
71.25	-0.354623
71.2708	-0.352465
71.2917	-0.351189
71.3125	-0.349621
71.3333	-0.34708
71.3542	-0.345962
71.375	-0.344409
71.3958	-0.341959
71.4167	-0.340798
71.4375	-0.338805
71.4583	-0.337241
71.4792	-0.335348
71.5	-0.333638
71.5208	-0.331858
71.5417	-0.330097
71.5625	-0.328332
71.5833	-0.326568
71.6042	-0.324824
71.625	-0.323087
71.6458	-0.321349
71.6667	-0.319595
71.6875	-0.317809
71.7083	-0.315994
71.7292	-0.314161
71.75	-0.312344
71.7708	-0.310578
71.7917	-0.308878
71.8125	-0.307227
71.8333	-0.305506
71.8542	-0.30357
71.875	-0.301333
71.8958	-0.298884
71.9167	-0.29699
71.9375	-0.296295
71.9583	-0.297882
71.9792	-0.299609
72	-0.298334
72.0208	-0.284408
72.0417	-0.262905
72.0625	-0.238684
72.0833	-0.261685
72.1042	-0.355999
72.125	-0.519882
72.1458	-0.41851
72.1667	0.0848971
72.1875	0.379919
72.2083	0.644573
72.2292	0.648057
72.25	1.26729
72.2708	2.27096
72.2917	2.86322
72.3125	3.14035
72.3333	3.23056
72.3542	3.0937
72.375	2.66428
72.3958	2.02059
72.4167	1.37828
72.4375	0.992075
72.4583	0.291271
72.4792	-1.51079
72.5	-0.496334
72.5208	-0.117794
72.5417	-0.0792348
72.5625	-0.162852
72.5833	-0.237758
72.6042	-0.27405
72.625	-0.258129
72.6458	-0.240361
72.6667	-0.227253
72.6875	-0.224603
72.7083	-0.224683
72.7292	-0.22568
72.75	-0.224789
72.7708	-0.223063
72.7917	-0.220678
72.8125	-0.218404
72.8333	-0.216342
72.8542	-0.21445
72.875	-0.212643
72.8958	-0.2108
72.9167	-0.208906
72.9375	-0.206954
72.9583	-0.204978
72.9792	-0.203003
73	-0.201045
73.0208	-0.199108
73.0417	-0.19719
73.0625	-0.195275
73.0833	-0.193351
73.1042	-0.191414
73.125	-0.189435
73.1458	-0.187462
73.1667	-0.185469
73.1875	-0.183531
73.2083	-0.181642
73.2292	-0.179617
73.25	-0.177681
73.2708	-0.175259
73.2917	-0.173925
73.3125	-0.172373
73.3333	-0.168617
73.3542	-0.168106
73.375	-0.166234
73.3958	-0.163254
73.4167	-0.161918
73.4375	-0.159667
73.4583	-0.157884
73.4792	-0.155707
73.5	-0.153688
73.5208	-0.151679
73.5417	-0.149668
73.5625	-0.147707
73.5833	-0.145705
73.6042	-0.143709
73.625	-0.141678
73.6458	-0.13962
73.6667	-0.137535
73.6875	-0.135442
73.7083	-0.133369
73.7292	-0.131341
73.75	-0.129381
73.7708	-0.127411
73.7917	-0.125423
73.8125	-0.123182
73.8333	-0.120744
73.8542	-0.118233
73.875	-0.115951
73.8958	-0.115069
73.9167	-0.115574
73.9375	-0.117238
73.9583	-0.117038
73.9792	-0.108132
74	-0.0895226
74.0208	-0.0591979
74.0417	-0.0532341
74.0625	-0.0766336
74.0833	-0.23262
74.1042	-0.40562
74.125	-0.228421
74.1458	0.250801
74.1667	0.697451
74.1875	0.863705
74.2083	1.14224
74.2292	1.53788
74.25	1.93984
74.2708	2.87156
74.2917	3.54499
74.3125	3.87908
74.3333	3.96381
74.3542	3.78688
74.375	3.30644
74.3958	2.57282
74.4167	1.99602
74.4375	1.67038
74.4583	1.10916
74.4792	0.412911
74.5	-1.4062
74.5208	-0.205821
74.5417	0.139897
74.5625	0.145164
74.5833	0.0787173
74.6042	-0.0276938
74.625	-0.072758
74.6458	-0.0744822
74.6667	-0.0516865
74.6875	-0.0350062
74.7083	-0.0256705
74.7292	-0.0238894
74.75	-0.0241489
74.7708	-0.0240001
74.7917	-0.0229704
74.8125	-0.0206601
74.8333	-0.0181789
74.8542	-0.0155772
74.875	-0.0131857
74.8958	-0.0109501
74.9167	-0.00875884
74.9375	-0.00657903
74.9583	-0.00432972
74.9792	-0.00204096
75	0.000289313
75.0208	0.00261987
75.0417	0.00493796
75.0625	0.00723772
75.0833	0.00952395
75.1042	0.0118028
75.125	0.0141248
75.1458	0.0163741
75.1667	0.0187464
75.1875	0.0208921
75.2083	0.0233643
75.2292	0.025593
75.25	0.0283413
75.2708	0.0307245
75.2917	0.032417
75.3125	0.0337548
75.3333	0.0396507
75.3542	0.0389349
75.375	0.0414995
75.3958	0.0449263
75.4167	0.0470681
75.4375	0.0493195
75.4583	0.0516831
75.4792	0.0539461
75.5	0.0565099
75.5208	0.058767
75.5417	0.0612456
75.5625	0.0635734
75.5833	0.0660296
75.6042	0.06848
75.625	0.070975
75.6458	0.0734416
75.6667	0.0759133
75.6875	0.0783139
75.7083	0.0806256
75.7292	0.0832721
75.75	0.0851361
75.7708	0.0888774
75.7917	0.0900184
75.8125	0.0942414
75.8333	0.0958988
75.8542	0.0950548
75.875	0.100642
75.8958	0.0918417
75.9167	0.102882
75.9375	0.107026
75.9583	0.122794
75.9792	0.160089
76	0.15635
76.0208	0.175752
76.0417	0.0261577
76.0625	-0.0641065
76.0833	-0.379796
76.1042	0.141061
76.125	0.670748
76.1458	1.00722
76.1667	1.29826
76.1875	1.53165
76.2083	1.77153
76.2292	2.44677
76.25	2.77856
76.2708	3.46217
76.2917	4.24797
76.3125	4.64568
76.3333	4.72713
76.3542	4.49746
76.375	3.93194
76.3958	3.19998
76.4167	2.78391
76.4375	2.34998
76.4583	1.94262
76.4792	1.48098
76.5	0.767251
76.5208	-0.280026
76.5417	0.00575868
76.5625	0.367711
76.5833	0.434842
76.6042	0.375748
76.625	0.276823
76.6458	0.195837
76.6667	0.155765
76.6875	0.1742
76.7083	0.182072
76.7292	0.210068
76.75	0.210689
76.7708	0.219526
76.7917	0.218668
76.8125	0.219476
76.8333	0.222297
76.8542	0.22336
76.875	0.227252
76.8958	0.229655
76.9167	0.232832
76.9375	0.235645
76.9583	0.23838
76.9792	0.241174
77	0.243978
77.0208	0.246791
77.0417	0.249695
77.0625	0.252646
77.0833	0.255534
77.1042	0.258497
77.125	0.261427
77.1458	0.26417
77.1667	0.267193
77.1875	0.2696
77.2083	0.273404
77.2292	0.275133
77.25	0.280136
77.2708	0.281287
77.2917	0.284418
77.3125	0.28531
77.3333	0.294991
77.3542	0.292061
77.375	0.296045
77.3958	0.29923
77.4167	0.303769
77.4375	0.305046
77.4583	0.309259
77.4792	0.311102
77.5	0.314969
77.5208	0.317616
77.5417	0.321032
77.5625	0.324065
77.5833	0.327219
77.6042	0.330273
77.625	0.333443
77.6458	0.336341
77.6667	0.339478
77.6875	0.343019
77.7083	0.344118
77.7292	0.352781
77.75	0.34477
77.7708	0.365116
77.7917	0.348654
77.8125	0.358123
77.8333	0.389335
77.8542	0.300973
77.875	0.456012
77.8958	0.304422
77.9167	0.429848
77.9375	0.506327
77.9583	0.25257
77.9792	0.624933
78	-0.139644
78.0208	0.628265
78.0417	-0.262026
78.0625	0.72829
78.0833	1.21384
78.1042	0.781121
78.125	1.84123
78.1458	1.39421
78.1667	2.17739
78.1875	2.32601
78.2083	2.79403
78.2292	3.29043
78.25	3.78135
78.2708	4.08907
78.2917	4.96929
78.3125	5.46298
78.3333	5.55532
78.3542	5.22636
78.375	4.51939
78.3958	4.09035
78.4167	3.57753
78.4375	3.21353
78.4583	2.78034
78.4792	2.50719
78.5	1.9486
78.5208	1.5669
78.5417	0.695524
78.5625	0.617591
78.5833	-0.0277251
78.6042	0.950291
78.625	0.487452
78.6458	0.869526
78.6667	0.388141
78.6875	0.684043
78.7083	0.350737
78.7292	0.552529
78.75	0.486473
78.7708	0.49148
78.7917	0.555253
78.8125	0.501826
78.8333	0.553267
78.8542	0.530626
78.875	0.542902
78.8958	0.547068
78.9167	0.545793
78.9375	0.554918
78.9583	0.555092
78.9792	0.560908
79	0.564575
79.0208	0.568125
79.0417	0.572051
79.0625	0.576941
79.0833	0.579864
79.1042	0.584294
79.125	0.588861
79.1458	0.592838
79.1667	0.59594
79.1875	0.60036
79.2083	0.609207
79.2292	0.603351
79.25	0.619563
79.2708	0.61586
79.2917	0.619982
79.3125	0.622602
79.3333	0.639531
79.3542	0.631664
79.375	0.638411
79.3958	0.640955
79.4167	0.651944
79.4375	0.64944
79.4583	0.659342
79.4792	0.659727
79.5	0.666753
79.5208	0.670117
79.5417	0.674654
79.5625	0.679511
79.5833	0.683925
79.6042	0.688268
79.625	0.693287
79.6458	0.697568
79.6667	0.700968
79.6875	0.711645
79.7083	0.699371
79.7292	0.740859
79.75	0.682424
79.7708	0.766421
79.7917	0.764743
79.8125	0.619864
79.8333	1.08378
79.8542	-0.35412
79.875	1.3081
79.8958	0.983992
79.9167	1.12814
79.9375	1.67298
79.9583	1.19322
79.9792	1.80742
80	1.59613
80.0208	2.16434
80.0417	2.50618
80.0625	2.96434
80.0833	3.28071
80.1042	3.29556
80.125	3.69646
80.1458	3.46494
80.1667	3.93682
80.1875	2.36417
80.2083	4.31442
80.2292	3.99969
80.25	4.89788
80.2708	4.98838
80.2917	5.6861
80.3125	6.39642
80.3333	6.5478
80.3542	5.82774
80.375	5.48035
80.3958	5.00425
80.4167	4.79147
80.4375	4.05012
80.4583	4.26782
80.4792	2.99363
80.5	3.68456
80.5208	1.17154
80.5417	3.09501
80.5625	2.61696
80.5833	2.62136
80.6042	2.22927
80.625	2.1242
80.6458	1.83329
80.6667	1.65608
80.6875	1.73673
80.7083	1.56262
80.7292	1.18659
80.75	1.50824
80.7708	0.164595
80.7917	1.2916
80.8125	0.957464
80.8333	1.00624
80.8542	1.11593
80.875	0.960055
80.8958	1.09974
80.9167	1.02634
80.9375	1.08163
80.9583	1.06384
80.9792	1.08307
81	1.09158
81.0208	1.09321
81.0417	1.10451
81.0625	1.11888
81.0833	1.11847
81.1042	1.12668
81.125	1.14421
81.1458	1.15154
81.1667	1.14612
81.1875	1.16617
81.2083	1.19688
81.2292	1.16217
81.25	1.19611
81.2708	1.21916
81.2917	1.20646
81.3125	1.20379
81.3333	1.25398
81.3542	1.25006
81.375	1.25158
81.3958	1.25327
81.4167	1.28845
81.4375	1.28031
81.4583	1.3054
81.4792	1.30776
81.5	1.32321
81.5208	1.33871
81.5417	1.34545
81.5625	1.35897
81.5833	1.37427
81.6042	1.386
81.625	1.40258
81.6458	1.41702
81.6667	1.42773
81.6875	1.4452
81.7083	1.46543
81.7292	1.46685
81.75	1.51156
81.7708	1.48155
81.7917	1.58546
81.8125	1.44498
81.8333	1.69049
81.8542	1.47863
81.875	1.6723
81.8958	1.9336
81.9167	0.603256
81.9375	2.3661
81.9583	1.97223
81.9792	2.42018
82	2.34742
82.0208	2.96463
82.0417	2.70447
82.0625	4.00818
82.0833	4.00613
82.1042	4.67886
82.125	4.43188
82.1458	5.03217
82.1667	5.02685
82.1875	4.90773
82.2083	5.61479
82.2292	5.31882
82.25	6.16581
82.2708	6.2224
82.2917	6.69728
82.3125	7.48263
82.3333	7.74455
82.3542	5.30779
82.375	6.96078
82.3958	6.27425
82.4167	6.00686
82.4375	5.98668
82.4583	4.83354
82.4792	5.36031
82.5	4.25597
82.5208	5.07028
82.5417	4.80585
82.5625	5.05189
82.5833	4.80602
82.6042	4.80741
82.625	4.39463
82.6458	4.31537
82.6667	3.65627
82.6875	3.78601
82.7083	2.25354
82.7292	3.22576
82.75	2.64564
82.7708	2.36716
82.7917	2.65995
82.8125	1.75302
82.8333	2.28928
82.8542	1.96404
82.875	1.84632
82.8958	1.85116
82.9167	1.62166
82.9375	1.58622
82.9583	1.50632
82.9792	1.36208
83	1.26928
83.0208	1.24194
83.0417	1.05699
83.0625	0.946473
83.0833	0.958126
83.1042	0.765737
83.125	0.553156
83.1458	0.622823
83.1667	0.446702
83.1875	0.320183
83.2083	0.299296
83.2292	-0.0280026
83.25	0.939112
83.2708	0.244575
83.2917	0.520345
83.3125	1.17823
83.3333	1.05264
83.3542	-0.391996
83.375	1.17068
83.3958	1.47461
83.4167	1.40178
83.4375	0.7913
83.4583	1.0186
83.4792	1.74753
83.5	1.94462
83.5208	1.97927
83.5417	1.83858
83.5625	1.36346
83.5833	0.845012
83.6042	1.36849
83.625	1.75574
83.6458	1.94862
83.6667	2.03128
83.6875	2.12441
83.7083	2.14234
83.7292	2.31801
83.75	2.29718
83.7708	2.45582
83.7917	2.79233
83.8125	2.06365
83.8333	3.41476
83.8542	2.66518
83.875	3.70078
83.8958	3.83084
83.9167	3.25258
83.9375	4.28988
83.9583	4.12855
83.9792	4.07402
84	4.5939
84.0208	4.20385
84.0417	3.6999
84.0625	4.55977
84.0833	5.80593
84.1042	5.61015
84.125	6.07737
84.1458	6.79946
84.1667	6.28146
84.1875	7.02303
84.2083	7.79011
84.2292	6.7991
84.25	8.48447
84.2708	8.77562
84.2917	8.90978
84.3125	9.72629
84.3333	9.85906
84.3542	9.48485
84.375	9.62138
84.3958	8.98569
84.4167	8.59458
84.4375	8.56356
84.4583	7.41422
84.4792	8.1111
84.5	7.59992
84.5208	7.66402
84.5417	7.60972
84.5625	7.34089
84.5833	7.35925
84.6042	7.02178
84.625	6.75766
84.6458	6.25947
84.6667	5.76004
84.6875	5.68651
84.7083	5.51478
84.7292	5.70218
84.75	5.2435
84.7708	5.34531
84.7917	5.08349
84.8125	4.77329
84.8333	4.82625
84.8542	3.95641
84.875	4.28336
84.8958	3.42585
84.9167	3.53755
84.9375	3.31794
84.9583	2.92673
84.9792	3.09455
85	2.79303
85.0208	2.92419
85.0417	2.743
85.0625	2.7581
85.0833	2.78224
85.1042	2.48555
85.125	2.79143
85.1458	2.82326
85.1667	1.96134
85.1875	3.20719
85.2083	3.14446
85.2292	3.46916
85.25	3.8093
85.2708	2.58985
85.2917	3.63325
85.3125	4.09127
